150111 274.000 2015 1 11
150112 255.023 2015 1 12
150117 255.023 2015 1 17
150120 256.489 2015 1 20
150127 267.267 2015 1 27
150129 262.889 2015 1 29
150204 259.424 2015 2 4
150207 301.867 2015 2 7
150208 259.424 2015 2 8
150209 279.533 2015 2 9
150210 282.378 2015 2 10
150211 259.424 2015 2 11
150218 259.424 2015 2 18
150219 290.767 2015 2 19
150220 259.424 2015 2 20
150225 281.067 2015 2 25
150226 297.322 2015 2 26
150303 273.379 2015 3 3
150312 273.379 2015 3 12
150322 282.400 2015 3 22
150323 289.411 2015 3 23
150324 277.844 2015 3 24
150327 318.100 2015 3 27
150328 301.178 2015 3 28
150329 287.600 2015 3 29
150330 278.733 2015 3 30
150402 293.000 2015 4 2
150423 275.933 2015 4 23
150426 282.089 2015 4 26
150428 311.800 2015 4 28
150429 306.250 2015 4 29
150430 293.767 2015 4 30
150501 313.044 2015 5 1
150508 269.444 2015 5 8
150509 282.900 2015 5 9
150515 300.525 2015 5 15
150516 316.622 2015 5 16
150525 313.100 2015 5 25
150602 305.789 2015 6 2
150604 293.778 2015 6 4
150626 293.667 2015 6 26
150712 298.533 2015 7 12
150713 297.478 2015 7 13
150714 286.822 2015 7 14
150715 280.556 2015 7 15
150716 287.236 2015 7 16
150718 286.267 2015 7 18
150719 289.733 2015 7 19
150721 286.444 2015 7 21
150723 297.667 2015 7 23
150724 299.656 2015 7 24
150726 282.467 2015 7 26
150727 287.236 2015 7 27
150728 283.300 2015 7 28
150729 292.489 2015 7 29
150730 295.044 2015 7 30
150802 298.167 2015 8 2
150804 283.922 2015 8 4
150805 293.744 2015 8 5
150806 280.900 2015 8 6
150807 294.456 2015 8 7
150808 301.567 2015 8 8
150809 289.411 2015 8 9
150810 284.181 2015 8 10
150811 284.767 2015 8 11
150816 288.044 2015 8 16
150818 302.167 2015 8 18
150821 291.289 2015 8 21
150823 297.511 2015 8 23
150827 282.000 2015 8 27
150828 284.181 2015 8 28
150829 285.967 2015 8 29
150831 279.244 2015 8 31
150901 274.667 2015 9 1
151011 260.191 2015 10 11
151012 271.956 2015 10 12
151014 266.167 2015 10 14
151015 262.400 2015 10 15
151026 258.044 2015 10 26
151027 260.191 2015 10 27
151028 252.767 2015 10 28
151102 256.978 2015 11 2
151122 261.067 2015 11 22
151123 254.882 2015 11 23
151124 260.422 2015 11 24
151203 253.601 2015 12 3
151204 267.411 2015 12 4
151209 253.601 2015 12 9
151210 252.222 2015 12 10
151211 251.100 2015 12 11
151214 253.601 2015 12 14
151216 253.601 2015 12 16
151224 254.100 2015 12 24
151225 253.601 2015 12 25
151228 253.601 2015 12 28
160107 240.778 2016 1 7
160109 237.833 2016 1 9
160110 255.023 2016 1 10
160111 259.233 2016 1 11
160112 263.678 2016 1 12
160115 255.023 2016 1 15
160116 285.522 2016 1 16
160117 255.023 2016 1 17
160118 278.000 2016 1 18
160119 281.178 2016 1 19
160120 255.023 2016 1 20
160121 273.033 2016 1 21
160122 255.023 2016 1 22
160123 270.922 2016 1 23
160124 255.023 2016 1 24
160128 278.367 2016 1 28
160129 255.023 2016 1 29
160131 255.023 2016 1 31
160201 252.978 2016 2 1
160202 259.424 2016 2 2
160203 254.200 2016 2 3
160204 259.424 2016 2 4
160206 261.500 2016 2 6
160210 274.933 2016 2 10
160211 259.424 2016 2 11
160212 267.944 2016 2 12
160213 252.989 2016 2 13
160214 259.424 2016 2 14
160215 288.611 2016 2 15
160216 259.424 2016 2 16
160219 267.000 2016 2 19
160223 259.424 2016 2 23
160225 259.424 2016 2 25
160229 270.244 2016 2 29
160301 273.379 2016 3 1
160302 277.067 2016 3 2
160303 273.379 2016 3 3
160312 273.379 2016 3 12
160313 270.200 2016 3 13
160322 284.333 2016 3 22
160323 284.256 2016 3 23
160327 281.489 2016 3 27
160403 271.289 2016 4 3
160404 268.667 2016 4 4
160405 261.111 2016 4 5
160417 292.444 2016 4 17
160421 303.222 2016 4 21
160424 298.911 2016 4 24
160425 292.233 2016 4 25
160426 294.422 2016 4 26
160427 290.533 2016 4 27
160428 282.300 2016 4 28
160430 283.200 2016 4 30
160504 273.178 2016 5 4
160506 287.700 2016 5 6
160516 302.500 2016 5 16
160517 294.433 2016 5 17
160614 280.000 2016 6 14
160622 286.456 2016 6 22
160706 284.567 2016 7 6
160707 271.889 2016 7 7
160708 292.267 2016 7 8
160709 287.000 2016 7 9
160714 280.400 2016 7 14
160716 280.044 2016 7 16
160717 281.233 2016 7 17
160722 283.367 2016 7 22
160723 278.156 2016 7 23
160724 300.178 2016 7 24
160802 280.633 2016 8 2
160803 284.181 2016 8 3
160804 290.367 2016 8 4
160823 276.189 2016 8 23
160825 287.844 2016 8 25
160826 293.667 2016 8 26
160908 268.789 2016 9 8
160909 276.689 2016 9 9
160910 282.867 2016 9 10
160912 280.822 2016 9 12
160919 255.500 2016 9 19
160920 271.108 2016 9 20
160921 275.767 2016 9 21
160922 256.700 2016 9 22
160923 256.511 2016 9 23
161004 260.191 2016 10 4
161011 260.191 2016 10 11
161012 250.811 2016 10 12
161018 260.191 2016 10 18
161029 260.191 2016 10 29
161031 260.191 2016 10 31
161101 256.367 2016 11 1
161115 271.244 2016 11 15
161116 254.882 2016 11 16
161117 265.067 2016 11 17
161118 254.882 2016 11 18
161120 244.378 2016 11 20
161121 254.882 2016 11 21
161128 254.882 2016 11 28
161130 254.882 2016 11 30
161201 251.500 2016 12 1
161206 242.267 2016 12 6
161207 253.601 2016 12 7
161211 253.601 2016 12 11
161212 248.044 2016 12 12
161213 231.922 2016 12 13
161216 253.601 2016 12 16
161217 239.111 2016 12 17
161220 253.601 2016 12 20
161221 253.601 2016 12 21
170103 255.023 2017 1 3
170105 248.756 2017 1 5
170109 259.600 2017 1 9
170111 259.633 2017 1 11
170112 255.023 2017 1 12
170113 239.467 2017 1 13
170119 255.023 2017 1 19
170121 255.023 2017 1 21
170122 255.023 2017 1 22
170123 239.222 2017 1 23
170124 255.023 2017 1 24
170130 247.756 2017 1 30
170201 255.189 2017 2 1
170202 259.424 2017 2 2
170207 259.424 2017 2 7
170209 259.424 2017 2 9
170210 243.333 2017 2 10
170211 259.424 2017 2 11
170212 247.733 2017 2 12
170217 279.867 2017 2 17
170218 259.424 2017 2 18
170220 259.424 2017 2 20
170221 248.767 2017 2 21
170222 259.424 2017 2 22
170223 259.424 2017 2 23
170224 253.344 2017 2 24
170227 259.424 2017 2 27
170318 286.344 2017 3 18
170320 280.367 2017 3 20
170321 281.689 2017 3 21
170322 278.000 2017 3 22
170324 273.379 2017 3 24
170327 283.300 2017 3 27
170329 263.533 2017 3 29
170330 267.600 2017 3 30
170331 273.379 2017 3 31
170401 280.667 2017 4 1
170402 286.522 2017 4 2
170403 286.378 2017 4 3
170405 280.522 2017 4 5
170419 297.144 2017 4 19
170420 297.744 2017 4 20
170421 296.056 2017 4 21
170425 280.308 2017 4 25
170426 288.700 2017 4 26
170427 280.308 2017 4 27
170428 294.233 2017 4 28
170430 267.767 2017 4 30
170501 281.267 2017 5 1
170503 294.833 2017 5 3
170505 309.622 2017 5 5
170506 291.244 2017 5 6
170514 285.000 2017 5 14
170618 286.400 2017 6 18
170723 293.856 2017 7 23
170724 276.389 2017 7 24
170728 278.733 2017 7 28
170729 293.111 2017 7 29
170730 287.236 2017 7 30
170812 285.833 2017 8 12
170813 287.667 2017 8 13
170814 281.689 2017 8 14
170815 284.181 2017 8 15
170816 286.867 2017 8 16
170818 267.033 2017 8 18
170819 278.767 2017 8 19
170823 285.400 2017 8 23
170830 281.967 2017 8 30
170908 269.333 2017 9 8
170912 274.478 2017 9 12
170913 282.111 2017 9 13
170914 276.933 2017 9 14
170915 270.822 2017 9 15
171006 267.500 2017 10 6
171007 260.191 2017 10 7
171008 265.522 2017 10 8
171009 260.191 2017 10 9
171017 264.078 2017 10 17
171018 260.191 2017 10 18
171023 260.191 2017 10 23
171025 260.191 2017 10 25
171026 271.667 2017 10 26
171028 272.733 2017 10 28
171029 275.633 2017 10 29
171030 260.191 2017 10 30
171101 254.882 2017 11 1
171103 254.882 2017 11 3
171105 254.882 2017 11 5
171106 254.882 2017 11 6
171107 252.533 2017 11 7
171115 254.882 2017 11 15
171118 261.667 2017 11 18
171119 254.882 2017 11 19
171120 268.733 2017 11 20
171121 271.911 2017 11 21
171122 254.882 2017 11 22
171123 281.300 2017 11 23
171124 254.882 2017 11 24
171125 249.844 2017 11 25
171126 254.882 2017 11 26
171130 258.000 2017 11 30
171210 253.601 2017 12 10
171212 253.601 2017 12 12
171224 253.601 2017 12 24
180108 255.023 2018 1 8
180110 249.556 2018 1 10
180111 255.023 2018 1 11
180112 259.856 2018 1 12
180113 255.023 2018 1 13
180115 255.023 2018 1 15
180119 313.789 2018 1 19
180120 255.023 2018 1 20
180211 297.633 2018 2 11
180302 273.379 2018 3 2
180304 273.379 2018 3 4
180307 273.379 2018 3 7
180310 275.900 2018 3 10
180311 273.379 2018 3 11
180317 256.100 2018 3 17
180319 261.300 2018 3 19
180325 285.567 2018 3 25
180329 284.944 2018 3 29
180330 299.800 2018 3 30
180331 281.978 2018 3 31
180401 263.389 2018 4 1
180406 293.333 2018 4 6
180408 288.400 2018 4 8
180413 288.900 2018 4 13
180414 280.308 2018 4 14
180415 295.067 2018 4 15
180416 286.400 2018 4 16
180417 265.811 2018 4 17
180418 285.200 2018 4 18
180501 291.267 2018 5 1
180508 297.956 2018 5 8
180516 287.812 2018 5 16
180517 279.633 2018 5 17
180518 292.011 2018 5 18
180525 282.011 2018 5 25
180526 288.833 2018 5 26
180527 279.511 2018 5 27
180528 295.167 2018 5 28
180529 279.433 2018 5 29
180530 287.812 2018 5 30
180531 277.100 2018 5 31
180602 291.667 2018 6 2
180604 281.411 2018 6 4
180605 291.533 2018 6 5
180606 283.440 2018 6 6
180607 289.933 2018 6 7
180623 282.667 2018 6 23
180628 296.789 2018 6 28
180629 318.433 2018 6 29
180701 287.236 2018 7 1
180711 288.089 2018 7 11
180712 295.567 2018 7 12
180715 306.733 2018 7 15
180716 304.144 2018 7 16
180717 287.236 2018 7 17
180718 290.967 2018 7 18
180719 287.236 2018 7 19
180720 291.400 2018 7 20
180721 292.911 2018 7 21
180722 297.656 2018 7 22
180723 290.344 2018 7 23
180728 288.222 2018 7 28
180801 292.167 2018 8 1
180803 288.067 2018 8 3
180810 295.467 2018 8 10
180814 287.044 2018 8 14
180815 294.633 2018 8 15
180816 317.650 2018 8 16
180817 296.222 2018 8 17
180818 284.181 2018 8 18
180819 281.800 2018 8 19
180820 284.181 2018 8 20
180821 288.133 2018 8 21
180822 287.278 2018 8 22
180823 294.822 2018 8 23
180824 294.767 2018 8 24
180825 284.181 2018 8 25
180826 286.400 2018 8 26
180827 284.067 2018 8 27
180828 287.067 2018 8 28
180831 301.744 2018 8 31
180901 302.133 2018 9 1
180925 269.700 2018 9 25
181009 262.789 2018 10 9
181027 264.767 2018 10 27
181028 260.191 2018 10 28
181030 260.191 2018 10 30
181103 272.611 2018 11 3
181106 254.882 2018 11 6
181107 249.767 2018 11 7
181114 267.300 2018 11 14
181116 256.544 2018 11 16
181124 254.882 2018 11 24
181126 250.222 2018 11 26
181130 242.800 2018 11 30
181201 253.601 2018 12 1
181202 229.878 2018 12 2
181210 237.678 2018 12 10
181213 253.601 2018 12 13
181214 258.633 2018 12 14
181215 253.601 2018 12 15
181216 245.800 2018 12 16
181219 249.644 2018 12 19
181220 253.601 2018 12 20
181221 249.333 2018 12 21
181222 253.601 2018 12 22
181223 238.667 2018 12 23
181227 253.601 2018 12 27
181228 229.733 2018 12 28
190103 212.689 2019 1 3
190104 236.244 2019 1 4
190105 255.023 2019 1 5
190112 255.023 2019 1 12
190119 242.578 2019 1 19
190120 236.511 2019 1 20
190121 255.023 2019 1 21
190124 258.456 2019 1 24
190127 255.023 2019 1 27
190128 255.023 2019 1 28
190207 250.422 2019 2 7
190213 259.424 2019 2 13
190215 259.424 2019 2 15
190216 234.533 2019 2 16
190217 259.424 2019 2 17
190224 259.424 2019 2 24
190226 259.424 2019 2 26
190227 238.900 2019 2 27
190313 256.544 2019 3 13
190314 273.379 2019 3 14
190323 271.389 2019 3 23
190330 273.379 2019 3 30
190404 260.033 2019 4 4
190406 280.308 2019 4 6
190407 269.133 2019 4 7
190409 270.167 2019 4 9
190410 259.278 2019 4 10
190411 262.889 2019 4 11
190413 307.500 2019 4 13
190414 278.056 2019 4 14
190418 275.200 2019 4 18
190419 283.622 2019 4 19
190420 273.000 2019 4 20
190421 276.933 2019 4 21
190425 278.989 2019 4 25
190427 271.844 2019 4 27
190501 287.812 2019 5 1
190518 274.367 2019 5 18
190601 271.467 2019 6 1
190606 277.411 2019 6 6
190608 275.067 2019 6 8
190609 283.440 2019 6 9
190614 284.011 2019 6 14
190615 289.722 2019 6 15
190701 303.356 2019 7 1
190706 287.236 2019 7 6
190708 302.356 2019 7 8
190709 289.978 2019 7 9
190719 299.622 2019 7 19
190720 287.236 2019 7 20
190721 290.400 2019 7 21
190725 286.689 2019 7 25
190729 274.033 2019 7 29
190731 284.878 2019 7 31
190801 280.500 2019 8 1
190802 293.156 2019 8 2
190807 284.181 2019 8 7
190808 278.133 2019 8 8
190809 287.000 2019 8 9
190810 285.889 2019 8 10
190811 279.500 2019 8 11
190812 284.181 2019 8 12
190813 284.333 2019 8 13
190814 281.078 2019 8 14
190815 281.689 2019 8 15
190816 288.133 2019 8 16
190817 285.089 2019 8 17
190818 295.167 2019 8 18
190819 333.467 2019 8 19
190820 291.644 2019 8 20
190826 276.911 2019 8 26
190827 271.733 2019 8 27
190829 276.333 2019 8 29
191005 261.278 2019 10 5
191013 260.191 2019 10 13
191018 252.144 2019 10 18
191019 255.989 2019 10 19
191114 254.882 2019 11 14
191116 254.882 2019 11 16
191119 252.089 2019 11 19
191122 246.533 2019 11 22
191124 252.911 2019 11 24
191125 254.882 2019 11 25
191130 254.882 2019 11 30
191202 253.601 2019 12 2
191203 243.433 2019 12 3
191204 253.601 2019 12 4
191205 246.333 2019 12 5
191208 253.122 2019 12 8
191209 253.601 2019 12 9
191213 248.122 2019 12 13
191214 253.601 2019 12 14
191215 256.878 2019 12 15
191222 252.778 2019 12 22
191223 253.601 2019 12 23
191224 254.567 2019 12 24
191230 253.601 2019 12 30
200104 260.733 2020 1 4
200105 255.023 2020 1 5
200106 256.033 2020 1 6
200107 267.800 2020 1 7
200111 268.622 2020 1 11
200114 243.811 2020 1 14
200123 281.300 2020 1 23
200127 265.122 2020 1 27
200129 269.533 2020 1 29
200206 259.424 2020 2 6
200207 274.356 2020 2 7
200208 276.167 2020 2 8
200224 271.200 2020 2 24
200227 259.424 2020 2 27
200302 273.933 2020 3 2
200318 276.200 2020 3 18
200323 273.379 2020 3 23
200325 250.567 2020 3 25
200412 271.767 2020 4 12
200413 279.711 2020 4 13
201004 272.944 2020 10 4
201101 252.456 2020 11 1
201214 274.867 2020 12 14
