                  200   305663.64570782328        7.8703574744732344E-002
                  400   305663.72782928782        7.7435709463964678E-002
                  600   305663.74869331688        7.7198557564124734E-002
                  800   305663.74685679667        7.7212772047870026E-002
                 1000   305663.75300699793        7.7106561297245482E-002
                 1200   305663.77952935855        7.6718154360940663E-002
                 1400   305663.74115718162        7.7326382092894649E-002
                 1600   305663.81781050039        7.6122781435745607E-002
                 1800   305663.71291202161        7.7713041436411931E-002
                 2000   305663.80553440459        7.6309367559468308E-002
                 2200   305663.83848058945        7.5788340985639621E-002
                 2400   305663.74977058737        7.7180717009149663E-002
                 2600   305663.74417854624        7.7265824548476345E-002
                 2800   305663.82838410704        7.5961803049784754E-002
                 3000   305663.88428636600        7.5109673380823069E-002
                 3200   305663.79838084435        7.6450747464382449E-002
                 3400   305663.70019020239        7.7926534525710509E-002
                 3600   305663.74312839110        7.7291465424999442E-002
                 3800   305663.77511042182        7.6799112786566454E-002
                 4000   305663.79223678913        7.6475024065784450E-002
                 4200   305663.77351809241        7.6767194243001879E-002
                 4400   305663.83253906085        7.5903571868630240E-002
                 4600   305663.72224664653        7.7582847178210415E-002
                 4800   305663.86772945215        7.5333055800601220E-002
                 5000   305663.77844868111        7.6744272961622562E-002
                 5200   305663.78036204737        7.6717374387297671E-002
                 5400   305663.73845384194        7.7370605525713149E-002
                 5600   305663.73599406169        7.7359156912364599E-002
                 5800   305663.76356982568        7.6886601470683325E-002
                 6000   305663.78549513686        7.6629326330133363E-002
                 6200   305663.73789145082        7.7377899011929888E-002
                 6400   305663.62464575097        7.9147818677625312E-002
                 6600   305663.76343569584        7.6984593067787169E-002
                 6800   305663.81761133060        7.6171233069560862E-002
                 7000   305663.77643051307        7.6795384849531786E-002
                 7200   305663.69381076173        7.8047066441713137E-002
                 7400   305663.81215560785        7.6207395488542357E-002
                 7600   305663.71051625651        7.7801149861807972E-002
                 7800   305663.71391695976        7.7746034129052094E-002
                 8000   305663.75854946434        7.7027540818505602E-002
                 8200   305663.69311367220        7.8042276686176776E-002
                 8400   305663.76913045096        7.6846389487979491E-002
                 8600   305663.76978875854        7.6855963047124484E-002
                 8800   305663.72846417729        7.7527217903128082E-002
                 9000   305663.79246334307        7.6543405267363862E-002
                 9200   305663.75300848571        7.7133472841700565E-002
                 9400   305663.81832562439        7.6181615273459735E-002
                 9600   305663.84844816866        7.5712075601044301E-002
                 9800   305663.87074481946        7.5358983301516400E-002
                10000   305663.90581250988        7.4841751316173682E-002
                10200   305663.80601235270        7.6343509193473158E-002
                10400   305663.72227592091        7.7620169252245824E-002
                10600   305663.84048795293        7.5817360694467442E-002
                10800   305663.82107009593        7.6098031627721954E-002
                11000   305663.81803317706        7.6182114141668894E-002
                11200   305663.72927095689        7.7502884037689582E-002
                11400   305663.78859788284        7.6614553927414147E-002
                11600   305663.72275701724        7.7625293937139669E-002
                11800   305663.80533713702        7.6342436529772101E-002
                12000   305663.82344867045        7.6057316555846091E-002
                12200   305663.74961771292        7.7213334023313998E-002
                12400   305663.69287829270        7.8047228818330636E-002
                12600   305663.70676220692        7.7816101096344514E-002
                12800   305663.70304882847        7.7880132600079782E-002
                13000   305663.76036141347        7.7030036465384047E-002
                13200   305663.79732184124        7.6458904237239889E-002
                13400   305663.77463120181        7.6802689680526198E-002
                13600   305663.86162570608        7.5482163525113152E-002
                13800   305663.73046630772        7.7434075667785901E-002
                14000   305663.69226421911        7.8079615679675363E-002
                14200   305663.76604299626        7.7124497120692775E-002
                14400   305663.70318272983        7.8053691794404370E-002
                14600   305663.69374808576        7.8151182017896545E-002
                14800   305663.80798636662        7.6429826749223773E-002
                15000   305663.73718535207        7.7483565588632355E-002
                15200   305663.70538639388        7.8011282549712971E-002
                15400   305663.74867399898        7.7350201820700751E-002
                15600   305663.75366377813        7.7255277137037864E-002
                15800   305663.77810316090        7.6951423161737850E-002
                16000   305663.72907556599        7.7662178185444200E-002
                16200   305663.76394336188        7.7155871144401991E-002
                16400   305663.81036782550        7.6409500523981308E-002
                16600   305663.75996402540        7.7187143887572113E-002
                16800   305663.77143251500        7.6983534045840019E-002
                17000   305663.76323365310        7.7147612777977687E-002
                17200   305663.71584669233        7.7864448149760637E-002
                17400   305663.77145685372        7.7029633749053097E-002
                17600   305663.80760501005        7.6470947780305110E-002
                17800   305663.81502240244        7.6343762625999137E-002
                18000   305663.82142608729        7.6265406639531394E-002
                18200   305663.78987292433        7.6733450515677926E-002
                18400   305663.77602447808        7.6960952088531667E-002
                18600   305663.77303558332        7.6956863050436738E-002
                18800   305663.76293008181        7.7137808676586497E-002
                19000   305663.83564814506        7.5977454332507049E-002
                19200   305663.77735838719        7.6908997519364447E-002
                19400   305663.72278852109        7.7745073772407497E-002
                19600   305663.71980755829        7.7786475342592684E-002
                19800   305663.66490905255        7.8633525148267353E-002
                20000   305663.73540534842        7.7563830865756092E-002
                20200   305663.70750556060        7.8001583988831835E-002
                20400   305663.75501368346        7.7250746824312516E-002
                20600   305663.74988414301        7.7342000547874823E-002
                20800   305663.83118923078        7.6061113133627178E-002
                21000   305663.79907237826        7.6583394152384784E-002
                21200   305663.68910020549        7.8276474537023355E-002
                21400   305663.73294816044        7.7592239747135319E-002
                21600   305663.74221395096        7.7446502721903718E-002
                21800   305663.76320474048        7.7126210907944054E-002
                22000   305663.65231676336        7.8848691378081384E-002
                22200   305663.79581734724        7.6651355472847113E-002
                22400   305663.77618106164        7.6955811169293481E-002
                22600   305663.89607021149        7.5071670474798208E-002
                22800   305663.80646738905        7.6469675257043762E-002
                23000   305663.87647804321        7.5401254151839389E-002
                23200   305663.77560898417        7.6917327580016973E-002
                23400   305663.85394656786        7.5761534830977348E-002
                23600   305663.84216424613        7.5922691479076113E-002
                23800   305663.85941948806        7.5658504926544037E-002
                24000   305663.75185160968        7.7308269998626944E-002
                24200   305663.73313822458        7.7629232643210921E-002
                24400   305663.81459401734        7.6361588913975542E-002
                24600   305663.74538322183        7.7386347620863299E-002
                24800   305663.77223659621        7.7011933023561352E-002
                25000   305663.84919730260        7.5799564303079589E-002
                25200   305663.77963303099        7.6888952465632598E-002
                25400   305663.74024515855        7.7475066980042889E-002
                25600   305663.76177574525        7.7138246962730750E-002
                25800   305663.84968316398        7.5808654199976969E-002
                26000   305663.72964963561        7.7611994568287213E-002
                26200   305663.75816208078        7.7215132321462959E-002
                26400   305663.75009684137        7.7343100605453838E-002
                26600   305663.84599395300        7.5815666494368217E-002
                26800   305663.75391166063        7.7258087787322405E-002
                27000   305663.72940295126        7.7645147897928007E-002
                27200   305663.76748360536        7.7056193204392165E-002
                27400   305663.73851074977        7.7491455753250574E-002
                27600   305663.81111791445        7.6385176102256439E-002
                27800   305663.73673610867        7.7538210806037761E-002
                28000   305663.73324646254        7.7600569323722085E-002
                28200   305663.81679187348        7.6283880218054156E-002
                28400   305663.73279816285        7.7586087100780785E-002
                28600   305663.76755133073        7.7021488890696863E-002
                28800   305663.76672958973        7.7031333600850155E-002
                29000   305663.71927527752        7.7820867459359871E-002
                29200   305663.73263960885        7.7590971332964692E-002
                29400   305663.72509793221        7.7730975861435972E-002
                29600   305663.68732401868        7.8284945709896664E-002
                29800   305663.68928948016        7.8213895751301887E-002
                30000   305663.81993199053        7.6277124270386451E-002
                30200   305663.79371160205        7.6699846161328272E-002
                30400   305663.83875075093        7.5984192553452776E-002
                30600   305663.83903862216        7.5971354654703574E-002
                30800   305663.86753785115        7.5576850069918919E-002
                31000   305663.79037291562        7.6707485111814605E-002
                31200   305663.72204553202        7.7793317684517027E-002
                31400   305663.82492197031        7.6164735066051703E-002
                31600   305663.78375284758        7.6817352839549505E-002
                31800   305663.75283810572        7.7318818052520097E-002
                32000   305663.80433338525        7.6494574917414224E-002
                32200   305663.88595431577        7.5261251821069797E-002
                32400   305663.78759815893        7.6751993712080246E-002
                32600   305663.73799767782        7.7534597259233937E-002
                32800   305663.85779976909        7.5669707892418309E-002
                33000   305663.81554182060        7.6358629319399143E-002
                33200   305663.68926994107        7.8269159916510705E-002
                33400   305663.75861992367        7.7176001719361814E-002
                33600   305663.80644521664        7.6462869370638925E-002
                33800   305663.78444540658        7.6803064472661359E-002
                34000   305663.76731068367        7.7091506139757057E-002
                34200   305663.80862610455        7.6451991539920314E-002
                34400   305663.81951461342        7.6266154568615907E-002
                34600   305663.81911904010        7.6267110189707499E-002
                34800   305663.75731255120        7.7269175125483577E-002
                35000   305663.78801886918        7.6756844069076291E-002
                35200   305663.71586454177        7.7866862282270952E-002
                35400   305663.80554604315        7.6463361368218352E-002
                35600   305663.72424721089        7.7720309889105221E-002
                35800   305663.73928917141        7.7442408872235996E-002
                36000   305663.76685982186        7.7091000775134644E-002
                36200   305663.84631351329        7.5842390965424528E-002
                36400   305663.68777363596        7.8274295198263358E-002
                36600   305663.76462706621        7.7102429816629667E-002
                36800   305663.78529214551        7.6785096035214398E-002
                37000   305663.76951160160        7.6995111125802387E-002
                37200   305663.86674909847        7.5510912263808072E-002
                37400   305663.84760857496        7.5807446938949946E-002
                37600   305663.83985810564        7.5966220353669595E-002
                37800   305663.74702028203        7.7330825309459117E-002
                38000   305663.77104221395        7.6946164529139813E-002
                38200   305663.76430011465        7.7104297388175896E-002
                38400   305663.77180840162        7.7009842878447241E-002
                38600   305663.76636120939        7.7042988704598941E-002
                38800   305663.72012415243        7.7778704004685201E-002
                39000   305663.75268010120        7.7261139585707309E-002
                39200   305663.82243176596        7.6230124520944284E-002
                39400   305663.80813721201        7.6446649092544575E-002
                39600   305663.76721730916        7.7073957122631667E-002
                39800   305663.78929558414        7.6726007832945559E-002
                40000   305663.81209771719        7.6380660277408183E-002
                40200   305663.87622063956        7.5396804726279784E-002
                40400   305663.81557854661        7.6313890631207332E-002
                40600   305663.72569416458        7.7694795021707369E-002
                40800   305663.73811378068        7.7489119482749363E-002
                41000   305663.82841918850        7.6064870324061354E-002
                41200   305663.84083245374        7.5923725304167092E-002
                41400   305663.83360396069        7.6048751796649702E-002
                41600   305663.77606105810        7.6933134445790335E-002
                41800   305663.81172037288        7.6387274465980176E-002
                42000   305663.73231711937        7.7579409995378795E-002
                42200   305663.75418693764        7.7244989750197668E-002
                42400   305663.83547484165        7.6000427131434636E-002
                42600   305663.77800229966        7.6869695941068170E-002
                42800   305663.71732041874        7.7807623365441225E-002
                43000   305663.82091223879        7.6231660570261151E-002
                43200   305663.82504963310        7.6149073738838002E-002
                43400   305663.78413427458        7.6779747233482465E-002
                43600   305663.76688816742        7.7027661134952727E-002
                43800   305663.72846060345        7.7619659900660970E-002
                44000   305663.78718471399        7.6720465326228907E-002
                44200   305663.75328433071        7.7263774247744374E-002
                44400   305663.78416565451        7.6791911265928894E-002
                44600   305663.73359086161        7.7535767239657397E-002
                44800   305663.74485787959        7.7302279304315158E-002
                45000   305663.73726249358        7.7499254569567771E-002
                45200   305663.70021243591        7.8098042769534790E-002
                45400   305663.79298876569        7.6645199994871488E-002
                45600   305663.75813537516        7.7164681267786195E-002
                45800   305663.78410610673        7.6736412208580670E-002
                46000   305663.67367993353        7.8474297904595050E-002
                46200   305663.75072753109        7.7301525697169249E-002
                46400   305663.79785559507        7.6557567497510678E-002
                46600   305663.73929913476        7.7514534191982148E-002
                46800   305663.78194145835        7.6805163901459236E-002
                47000   305663.74891798891        7.7308125307913464E-002
                47200   305663.69623189268        7.8117028101585620E-002
                47400   305663.77231907286        7.6935236206827448E-002
                47600   305663.80539302796        7.6437666028323734E-002
                47800   305663.72916124179        7.7664506393186242E-002
                48000   305663.73020848719        7.7623373800166942E-002
                48200   305663.78048954695        7.6807881075383347E-002
                48400   305663.82011953625        7.6243164338361008E-002
                48600   305663.75100044353        7.7301990598341225E-002
                48800   305663.84205446119        7.5903609399745650E-002
                49000   305663.71970424760        7.7767448430611522E-002
                49200   305663.73495853791        7.7533019458338029E-002
                49400   305663.76437227463        7.7093625988390119E-002
                49600   305663.77892488654        7.6869110695945084E-002
                49800   305663.78995155799        7.6705399046658906E-002
                50000   305663.77667393279        7.6911115235966485E-002
                50200   305663.82154764532        7.6229642057363350E-002
                50400   305663.83949994121        7.5939884950670514E-002
                50600   305663.71050678543        7.7940382402122213E-002
                50800   305663.72622923087        7.7695781651126491E-002
                51000   305663.80012204155        7.6536891932842049E-002
                51200   305663.77923660120        7.6893599140910415E-002
                51400   305663.72907010635        7.7651858556434181E-002
                51600   305663.78965748654        7.6727761904280434E-002
                51800   305663.86052851914        7.5607213635978929E-002
                52000   305663.79831377161        7.6621105650087604E-002
                52200   305663.82719062915        7.6145965076392930E-002
                52400   305663.89001859748        7.5155928380848058E-002
                52600   305663.86035280040        7.5627915073675472E-002
                52800   305663.77730017569        7.6893460406366826E-002
                53000   305663.74065697653        7.7438692994466554E-002
                53200   305663.79508385365        7.6617838377109171E-002
                53400   305663.75738417916        7.7263104716696868E-002
                53600   305663.86113428231        7.5609156331489583E-002
                53800   305663.74309899280        7.7424805102378855E-002
                54000   305663.67281365272        7.8521926790327948E-002
                54200   305663.85676903592        7.5627719842810262E-002
                54400   305663.74757729343        7.7354252571492685E-002
                54600   305663.80510369962        7.6462402299835086E-002
                54800   305663.72487930092        7.7723950637501441E-002
                55000   305663.78519110568        7.6790026992150956E-002
                55200   305663.73589346476        7.7529029078839060E-002
                55400   305663.74267956160        7.7410838232674500E-002
                55600   305663.77405992674        7.6947385417593092E-002
                55800   305663.78246656753        7.6826777592467477E-002
                56000   305663.75769102795        7.7208921021208271E-002
                56200   305663.73304343445        7.7587447056376976E-002
                56400   305663.75667628669        7.7195936661596840E-002
                56600   305663.72680386226        7.7637627605248991E-002
                56800   305663.73542367714        7.7529968025515747E-002
                57000   305663.80259070743        7.6484562341732593E-002
                57200   305663.80721360067        7.6452480295822536E-002
                57400   305663.74543128366        7.7390028773127603E-002
                57600   305663.77717804082        7.6936555486522631E-002
                57800   305663.76368824794        7.7097273248899131E-002
                58000   305663.70474548370        7.8025058053542665E-002
                58200   305663.81086875539        7.6358923094601155E-002
                58400   305663.71341704659        7.7877877733250528E-002
                58600   305663.79365886096        7.6635333877257114E-002
                58800   305663.65393655963        7.8779733759553397E-002
                59000   305663.76367769431        7.7100975394371579E-002
                59200   305663.73186395282        7.7574048305144791E-002
                59400   305663.79555241950        7.6604509853615554E-002
                59600   305663.73952923965        7.7457114517841916E-002
                59800   305663.86720728158        7.5514739705718939E-002
                60000   305663.79829484236        7.6595576053988854E-002
                60200   305663.67754383298        7.8416928990370630E-002
                60400   305663.70257014880        7.8059182116694298E-002
                60600   305663.77818378009        7.6876925623516348E-002
                60800   305663.78523232997        7.6798224224669365E-002
                61000   305663.77380263089        7.6950471478882884E-002
                61200   305663.75655681046        7.7232266971942215E-002
                61400   305663.80556348321        7.6496303367698068E-002
                61600   305663.84783557407        7.5830868545340116E-002
                61800   305663.84492417844        7.5888693353480571E-002
                62000   305663.72882162960        7.7660297689054886E-002
                62200   305663.89351724845        7.5117223090320318E-002
                62400   305663.84251468751        7.5919012140111639E-002
                62600   305663.75423144468        7.7258904558840227E-002
                62800   305663.78282932221        7.6788986142164672E-002
                63000   305663.83083917794        7.6085843095727690E-002
                63200   305663.79668537172        7.6595594092464803E-002
                63400   305663.78235394857        7.6828887510433791E-002
                63600   305663.83747978951        7.6005201808789863E-002
                63800   305663.83251994668        7.6084635208120158E-002
                64000   305663.77584074141        7.6956332712214748E-002
                64200   305663.78746857657        7.6759621301692574E-002
                64400   305663.73529432039        7.7516770067642654E-002
                64600   305663.77999401797        7.6871876038115253E-002
                64800   305663.81241313205        7.6385358216069232E-002
                65000   305663.64760595578        7.8881027143836921E-002
                65200   305663.74514598708        7.7389683052785041E-002
                65400   305663.71501051687        7.7854462631856566E-002
                65600   305663.74344552238        7.7442672901729931E-002
                65800   305663.78713984956        7.6733405041356229E-002
                66000   305663.81342059455        7.6330918149030397E-002
                66200   305663.78423126799        7.6782434184270928E-002
                66400   305663.75157220021        7.7308295199102928E-002
                66600   305663.76709392987        7.7042843045004361E-002
                66800   305663.73766008997        7.7502498295036359E-002
                67000   305663.72250673495        7.7725397758265674E-002
                67200   305663.75890786195        7.7184407821623807E-002
                67400   305663.80175428709        7.6539573141729170E-002
                67600   305663.75981505302        7.7183590122425913E-002
                67800   305663.72167654062        7.7755692777066662E-002
                68000   305663.80575196556        7.6465480530284888E-002
                68200   305663.73411134229        7.7561521161317801E-002
                68400   305663.80231450242        7.6482077505629964E-002
                68600   305663.73476296815        7.7611952727545605E-002
                68800   305663.62904347648        7.9169899229560456E-002
                69000   305663.77625766606        7.6915763262535256E-002
                69200   305663.85273066221        7.5740781541621352E-002
                69400   305663.82133260422        7.6210176874931104E-002
                69600   305663.86125105334        7.5625399083189160E-002
                69800   305663.77289427398        7.6962913695147683E-002
                70000   305663.82999145676        7.6079747802051068E-002
                70200   305663.66521283344        7.8614243175915463E-002
                70400   305663.80195694044        7.6518869835488321E-002
                70600   305663.83611140476        7.5992152001387411E-002
                70800   305663.73373336444        7.7584052962517608E-002
                71000   305663.83876467345        7.5959352962853832E-002
                71200   305663.80474675196        7.6462413566948953E-002
                71400   305663.72504301014        7.7718480595949643E-002
                71600   305663.81884835375        7.6304865544513989E-002
                71800   305663.76443456614        7.7093984137915003E-002
                72000   305663.77272198757        7.6972846453753949E-002
                72200   305663.84101164743        7.5905027595204608E-002
                72400   305663.67373060680        7.8467705916443184E-002
                72600   305663.86650196637        7.5552541324724040E-002
                72800   305663.74779913831        7.7361394725401406E-002
                73000   305663.87375869282        7.5445365599548744E-002
                73200   305663.72652913333        7.7665907234870185E-002
                73400   305663.81846700620        7.6287344437474397E-002
                73600   305663.78885200905        7.6746637238099227E-002
                73800   305663.83001464827        7.6117326214384176E-002
                74000   305663.86389903456        7.5573140584034276E-002
                74200   305663.74767531332        7.7358490524851817E-002
                74400   305663.76930127462        7.7019522300592586E-002
                74600   305663.78062701004        7.6841539408614365E-002
                74800   305663.79268110660        7.6663455555983459E-002
                75000   305663.74159627873        7.7433801771565794E-002
                75200   305663.72051803325        7.7768886413963650E-002
                75400   305663.76966872410        7.7016150583766846E-002
                75600   305663.74382261082        7.7415540738618477E-002
                75800   305663.79075149616        7.6689430729332320E-002
                76000   305663.74143999326        7.7475950353907141E-002
                76200   305663.70310243370        7.8064471918211767E-002
                76400   305663.78420702758        7.6773382466956155E-002
                76600   305663.78687282663        7.6776142634755212E-002
                76800   305663.78543596499        7.6759426999991678E-002
                77000   305663.69655912486        7.8175025922311070E-002
                77200   305663.74746888503        7.7355234031141737E-002
                77400   305663.75271806068        7.7258446905514325E-002
                77600   305663.80568951927        7.6452899628228169E-002
                77800   305663.76406830898        7.7079041019821201E-002
                78000   305663.80035077524        7.6547285827866157E-002
                78200   305663.73724987905        7.7537899306717395E-002
                78400   305663.77441629343        7.6942913209733371E-002
                78600   305663.80194869614        7.6489065169870710E-002
                78800   305663.72335270909        7.7687377668938809E-002
                79000   305663.71073875693        7.7928441783444838E-002
                79200   305663.73071325448        7.7618243788277599E-002
                79400   305663.72859770840        7.7619171543489823E-002
                79600   305663.69628641242        7.8169902196150207E-002
                79800   305663.81372509623        7.6309984507414483E-002
                80000   305663.72251602547        7.7742415944178342E-002
                80200   305663.66836811433        7.8521503313434951E-002
                80400   305663.75818124600        7.7199214883611103E-002
                80600   305663.73827682016        7.7481770696698885E-002
                80800   305663.72719526733        7.7578534866510590E-002
                81000   305663.72017372295        7.7674612402132151E-002
                81200   305663.72050591052        7.7648413813487499E-002
                81400   305663.81923728186        7.6091298122480930E-002
                81600   305663.79179569415        7.6583874743180611E-002
                81800   305663.73766633240        7.7377108646544374E-002
                82000   305663.75845134951        7.7093060472685243E-002
                82200   305663.73779854231        7.7400738393839361E-002
                82400   305663.80938145256        7.6291189938915732E-002
                82600   305663.74892488954        7.7228832884256068E-002
                82800   305663.72526558751        7.7592391444099212E-002
                83000   305663.64832023456        7.8774645666674484E-002
                83200   305663.75658409757        7.7137198355124725E-002
                83400   305663.72021863062        7.7698733020831010E-002
                83600   305663.69525658828        7.8083647647501711E-002
                83800   305663.80848899327        7.6307079034757863E-002
                84000   305663.68260338908        7.8221168566357663E-002
                84200   305663.74376051291        7.7314568192301619E-002
                84400   305663.79315977724        7.6539799715824294E-002
                84600   305663.79461277049        7.6521738985180832E-002
                84800   305663.75376483554        7.7188427395465220E-002
                85000   305663.78249310533        7.6756349070153357E-002
                85200   305663.76914269541        7.6932904043722744E-002
                85400   305663.76726034097        7.6984846053130704E-002
                85600   305663.67297629773        7.8440841865655281E-002
                85800   305663.81688218081        7.6224721597490094E-002
                86000   305663.83189639036        7.5972994070953023E-002
                86200   305663.75944104115        7.7101832664137837E-002
                86400   305663.71420430642        7.7787840601666672E-002
                86600   305663.83817121416        7.5889289718763075E-002
                86800   305663.71491090517        7.7789399331969655E-002
                87000   305663.79400339024        7.6574596981771825E-002
                87200   305663.76413520309        7.7037622463203906E-002
                87400   305663.84531880176        7.5790712670767396E-002
                87600   305663.76521586644        7.7026181581557301E-002
                87800   305663.84837835457        7.5753063674260296E-002
                88000   305663.79709532397        7.6546052441922044E-002
                88200   305663.85328642896        7.5667909515141213E-002
                88400   305663.81165394356        7.6215101051641462E-002
                88600   305663.70984634175        7.7818897369588330E-002
                88800   305663.72589716397        7.7565725588383858E-002
                89000   305663.65022047964        7.8722652828632514E-002
                89200   305663.77701505466        7.6762992422975865E-002
                89400   305663.77734171064        7.6772642490712931E-002
                89600   305663.79883549520        7.6457647541384399E-002
                89800   305663.69455970638        7.8077130995001159E-002
                90000   305663.80588385480        7.6331117445845170E-002
                90200   305663.75466011360        7.7143293919033684E-002
                90400   305663.69488795014        7.8040735273580547E-002
                90600   305663.76239994413        7.7016947712242420E-002
                90800   305663.75753813161        7.7133966139851906E-002
                91000   305663.71899359091        7.7648445787913176E-002
                91200   305663.74115388870        7.7310350566842850E-002
                91400   305663.79288734205        7.6539783652042948E-002
                91600   305663.73109907075        7.7498061148768130E-002
                91800   305663.68969180883        7.8116598516568797E-002
                92000   305663.79782246432        7.6457924766521884E-002
                92200   305663.81578549405        7.6226906656591556E-002
                92400   305663.85235828249        7.5597713394012139E-002
                92600   305663.78119144542        7.6746239985749726E-002
                92800   305663.78788741439        7.6635869455349143E-002
                93000   305663.73719792173        7.7394722916480141E-002
                93200   305663.80256124749        7.6386657338092204E-002
                93400   305663.75825735583        7.7075761186895561E-002
                93600   305663.77506593912        7.6775354960866543E-002
                93800   305663.69267151685        7.8113978330616160E-002
                94000   305663.68276943098        7.8272301818441248E-002
                94200   305663.69587096933        7.8005034970794612E-002
                94400   305663.71749115945        7.7684852489930456E-002
                94600   305663.70166255120        7.7962241248508951E-002
                94800   305663.72270247509        7.7607902260558609E-002
                95000   305663.70532152208        7.7888839552655645E-002
                95200   305663.69840893132        7.7989947371322768E-002
                95400   305663.77633586712        7.6785266142354813E-002
                95600   305663.74745921616        7.7221252587300074E-002
                95800   305663.66975088435        7.8424889588334962E-002
                96000   305663.77251695027        7.6849702186298718E-002
                96200   305663.77332963410        7.6866521180414218E-002
                96400   305663.75605226360        7.7082807468236300E-002
                96600   305663.80851528922        7.6282723135761898E-002
                96800   305663.79736890557        7.6465230371543846E-002
                97000   305663.78445924778        7.6620639734594889E-002
                97200   305663.71809511376        7.7681691533918323E-002
                97400   305663.81643327163        7.6136643595675818E-002
                97600   305663.74737434153        7.7232506876478202E-002
                97800   305663.72684493457        7.7502309803953576E-002
                98000   305663.77209699579        7.6785755428134497E-002
                98200   305663.74883384665        7.7179780950843713E-002
                98400   305663.76906897756        7.6860186936921163E-002
                98600   305663.70890619024        7.7838095573279698E-002
                98800   305663.73632009886        7.7417458554232751E-002
                99000   305663.77368712256        7.6808003146861634E-002
                99200   305663.76490332081        7.6961619262645040E-002
                99400   305663.73383510683        7.7455314899705821E-002
                99600   305663.80668585066        7.6280228250628843E-002
                99800   305663.68322493474        7.8214598456671461E-002
               100000   305663.74861753039        7.7171362006321770E-002
               100200   305663.75255464274        7.7156261129308443E-002
               100400   305663.71558643505        7.7708792811382557E-002
               100600   305663.81226374104        7.6219189536715637E-002
               100800   305663.83203953592        7.5894004349384342E-002
               101000   305663.72148514586        7.7636778674665397E-002
               101200   305663.74285441212        7.7297095762992929E-002
               101400   305663.82419634104        7.6052640614466691E-002
               101600   305663.86905228475        7.5343669911163993E-002
               101800   305663.79798016505        7.6454965957296173E-002
               102000   305663.75502679456        7.7105020954057885E-002
               102200   305663.85954310355        7.5501273356051737E-002
               102400   305663.78713724541        7.6575582212691160E-002
               102600   305663.80910935468        7.6278612848877353E-002
               102800   305663.86322530027        7.5439263212994823E-002
               103000   305663.82142249867        7.6092294921639325E-002
               103200   305663.78828646115        7.6595187631586001E-002
               103400   305663.81893417571        7.6109619034592124E-002
               103600   305663.71436863852        7.7760658987554798E-002
               103800   305663.82298583590        7.6041276382328174E-002
               104000   305663.78465266916        7.6656608380681904E-002
               104200   305663.71384708188        7.7727070057504039E-002
               104400   305663.79977928073        7.6414161484068044E-002
               104600   305663.71153442911        7.7748639584714743E-002
               104800   305663.78104551020        7.6655941479257472E-002
               105000   305663.77919863933        7.6776660255985535E-002
               105200   305663.73472104594        7.7437462270369864E-002
               105400   305663.76122188859        7.7064345731526290E-002
               105600   305663.81630553049        7.6218398683915514E-002
               105800   305663.77788167133        7.6762332803914188E-002
               106000   305663.67657200672        7.8280882383600703E-002
               106200   305663.76772267307        7.6883446941085481E-002
               106400   305663.71664081916        7.7699734351258543E-002
               106600   305663.78657429368        7.6633256723173032E-002
               106800   305663.82664645277        7.5989510634055374E-002
               107000   305663.76596626505        7.6955128913367005E-002
               107200   305663.76221728016        7.7009602949716718E-002
               107400   305663.74903314974        7.7208303570478393E-002
               107600   305663.75878902309        7.7025242412672862E-002
               107800   305663.70783176483        7.7802343976229496E-002
               108000   305663.68681983155        7.8140785822427894E-002
               108200   305663.66639051185        7.8485222193726598E-002
               108400   305663.62238159706        7.9162113884242602E-002
               108600   305663.75398494641        7.7097460061401155E-002
               108800   305663.65914096549        7.8572129152133158E-002
               109000   305663.66354040039        7.8526123027711489E-002
               109200   305663.69480379141        7.8072270987327233E-002
               109400   305663.63558569946        7.8936983340797573E-002
               109600   305663.73108528130        7.7459787877167202E-002
               109800   305663.75361052057        7.7126748374398479E-002
               110000   305663.77571536868        7.6783802107879495E-002
               110200   305663.65652617189        7.8614357547223693E-002
               110400   305663.65173563559        7.8677486750345457E-002
               110600   305663.78684580978        7.6608493678034933E-002
               110800   305663.75161942671        7.7160097502796482E-002
               111000   305663.81041338394        7.6244812945134993E-002
               111200   305663.74908599205        7.7200636423082447E-002
               111400   305663.76525093295        7.6942201499105620E-002
               111600   305663.76132829738        7.7003550768862034E-002
               111800   305663.69667526701        7.8001548854691974E-002
               112000   305663.69428421103        7.8035569762539947E-002
               112200   305663.77980859525        7.6733246571243086E-002
               112400   305663.83040288539        7.5951417600506374E-002
               112600   305663.75411190127        7.7141437962600146E-002
               112800   305663.74528172432        7.7246689654876438E-002
               113000   305663.75047260488        7.7209194885343599E-002
               113200   305663.80757540889        7.6316262905424148E-002
               113400   305663.81811270042        7.6174434704086552E-002
               113600   305663.74399860669        7.7274113567062111E-002
               113800   305663.77157935523        7.6851489731427788E-002
               114000   305663.67653733696        7.8373124856022422E-002
               114200   305663.79653331666        7.6471428052849108E-002
               114400   305663.78198327788        7.6701215979400772E-002
               114600   305663.83138243970        7.5934283811543477E-002
               114800   305663.72185497911        7.7639993128814352E-002
               115000   305663.76730394165        7.6889351968027611E-002
               115200   305663.72767311183        7.7537498027266283E-002
               115400   305663.69083357218        7.8097305761561847E-002
               115600   305663.79970961512        7.6451165730688955E-002
               115800   305663.79925626965        7.6443298480888641E-002
               116000   305663.75752783404        7.7054155513240602E-002
               116200   305663.81487694645        7.6221255159456699E-002
               116400   305663.79920101457        7.6473666819063868E-002
               116600   305663.78799893503        7.6615048973206659E-002
               116800   305663.79422219004        7.6536222732900033E-002
               117000   305663.69227790344        7.8083171793505532E-002
               117200   305663.77193400118        7.6849929835473535E-002
               117400   305663.70551459515        7.7908490159081620E-002
               117600   305663.70651664637        7.7883356315847987E-002
               117800   305663.74852018739        7.7239056428751757E-002
               118000   305663.65106251999        7.8715008423138250E-002
               118200   305663.76738762169        7.6941307179901872E-002
               118400   305663.73170644196        7.7550303100210674E-002
               118600   305663.71538734413        7.7738021026915974E-002
               118800   305663.76183663402        7.6983473774739963E-002
               119000   305663.72370661510        7.7583157733975699E-002
               119200   305663.64949270105        7.8697040080413699E-002
               119400   305663.79333597724        7.6496327332440620E-002
               119600   305663.78003991581        7.6729815359683470E-002
               119800   305663.69794511679        7.8013980210221739E-002
               120000   305663.70469292562        7.7876413888592885E-002
               120200   305663.68427395629        7.8230319875804560E-002
               120400   305663.70307157817        7.7913009166776792E-002
               120600   305663.71189667558        7.7781862983102371E-002
               120800   305663.83421734726        7.5932807884497369E-002
               121000   305663.74297915283        7.7319787167818316E-002
               121200   305663.74861482269        7.7243786320788280E-002
               121400   305663.76575471077        7.6985571103504166E-002
               121600   305663.75684107182        7.7157115432339510E-002
               121800   305663.78000179445        7.6764898714978991E-002
               122000   305663.69962600659        7.7995577557189291E-002
               122200   305663.79490869358        7.6527349389682892E-002
               122400   305663.80763125845        7.6329484601090763E-002
               122600   305663.76419369172        7.7000011564577822E-002
               122800   305663.72709092277        7.7584232603452499E-002
               123000   305663.73313109635        7.7486682887549133E-002
               123200   305663.74595574260        7.7242973734702222E-002
               123400   305663.84908747434        7.5680787187398985E-002
               123600   305663.72387836408        7.7604261598264571E-002
               123800   305663.77425485867        7.6852965690573885E-002
               124000   305663.74385277333        7.7314683915707838E-002
               124200   305663.73883647489        7.7398319247141287E-002
               124400   305663.82156440220        7.6105062059982589E-002
               124600   305663.80037793302        7.6435577301538410E-002
               124800   305663.82572735299        7.6036124902320076E-002
               125000   305663.74605093617        7.7291247746256592E-002
               125200   305663.80063775094        7.6419238924126845E-002
               125400   305663.76601174189        7.6999155598971067E-002
               125600   305663.84186272690        7.5797791610839313E-002
               125800   305663.78958069184        7.6655123911214804E-002
               126000   305663.78474560654        7.6726846323254536E-002
               126200   305663.79660767497        7.6521384986015101E-002
               126400   305663.82247055124        7.6107032716142539E-002
               126600   305663.80157690163        7.6463346872568630E-002
               126800   305663.73256043677        7.7473217865127189E-002
               127000   305663.82559000939        7.6051955677514382E-002
               127200   305663.82324294630        7.6110584157814243E-002
               127400   305663.67164209997        7.8433951923218392E-002
               127600   305663.74448704446        7.7323407682894099E-002
               127800   305663.63006056804        7.9036781484787724E-002
               128000   305663.77495261561        7.6790455247755102E-002
               128200   305663.81923892070        7.6157035003172432E-002
               128400   305663.70115050825        7.7953791505648240E-002
               128600   305663.74056547356        7.7333864100264632E-002
               128800   305663.68829710799        7.8146993009470145E-002
               129000   305663.77785729442        7.6780891592004588E-002
               129200   305663.77672228217        7.6780122723861768E-002
               129400   305663.77111764246        7.6873820460336750E-002
               129600   305663.66402337729        7.8537414775636874E-002
               129800   305663.73989110964        7.7392055874287019E-002
               130000   305663.69209773885        7.8073715992005813E-002
               130200   305663.70893871499        7.7877293063173425E-002
               130400   305663.80569984321        7.6762323376490249E-002
               130600   305663.74866260943        7.7641442587885121E-002
               130800   305663.78304932895        7.7130420126389890E-002
               131000   305663.74263478955        7.7701602813656262E-002
               131200   305663.67054306017        7.8821817011871104E-002
               131400   305663.68211158202        7.8648661011951851E-002
               131600   305663.73232763546        7.7862812245115876E-002
               131800   305663.62482426589        7.9542123422983835E-002
               132000   305663.71066992474        7.8217979227368811E-002
               132200   305663.65437563590        7.9106470146726879E-002
               132400   305663.76443083788        7.7424689636303015E-002
               132600   305663.66603161109        7.8900177614674591E-002
               132800   305663.82012629590        7.6574536635379775E-002
               133000   305663.73045883619        7.7908616879115114E-002
               133200   305663.80317143223        7.6785019358976414E-002
               133400   305663.76820899971        7.7362733909031478E-002
               133600   305663.81422531500        7.6643904333886945E-002
               133800   305663.86080954981        7.5907398672419107E-002
               134000   305663.69040356850        7.8542704019082504E-002
               134200   305663.82232488540        7.6521638401466502E-002
               134400   305663.75742017111        7.7487573282589733E-002
               134600   305663.73338220472        7.7936966855318882E-002
               134800   305663.75116919423        7.7627678135591752E-002
               135000   305663.83254910231        7.6360251862680528E-002
               135200   305663.80398211622        7.6801429002234842E-002
               135400   305663.71649192140        7.8153089178801899E-002
               135600   305663.79433166410        7.6974823768295869E-002
               135800   305663.89832328726        7.5382699734713232E-002
               136000   305663.79156975111        7.7020226779227818E-002
               136200   305663.80925522425        7.6757469084333396E-002
               136400   305663.77068916697        7.7315807256864225E-002
               136600   305663.78118334321        7.7157118903761326E-002
               136800   305663.77472290950        7.7279343114683069E-002
               137000   305663.71502295340        7.8186346294035355E-002
               137200   305663.82003448956        7.6593594697387496E-002
               137400   305663.73645418393        7.7852867332847089E-002
               137600   305663.65808002552        7.9069854852016341E-002
               137800   305663.73178150860        7.7926286377359752E-002
               138000   305663.70389101200        7.8344657121527189E-002
               138200   305663.73844676587        7.7839809320985651E-002
               138400   305663.85126817581        7.6096164450572087E-002
               138600   305663.81138758833        7.6654089927678803E-002
               138800   305663.78181904752        7.7209627419883853E-002
               139000   305663.77090555581        7.7317191406393870E-002
               139200   305663.78943961422        7.7072086931356851E-002
               139400   305663.79292006139        7.6993774977983043E-002
               139600   305663.85711368109        7.5936011804084561E-002
               139800   305663.72297394078        7.8113654997802831E-002
               140000   305663.82632569043        7.6506788990973948E-002
               140200   305663.79612129176        7.6990592089288892E-002
               140400   305663.75733184832        7.7560551179267037E-002
               140600   305663.71025655331        7.8290453048380684E-002
               140800   305663.74812240747        7.7719316913616943E-002
               141000   305663.77855145844        7.7208634772296780E-002
               141200   305663.81474364427        7.6634485809659814E-002
               141400   305663.68169522216        7.8711944765928396E-002
               141600   305663.73469339509        7.7887475749008575E-002
               141800   305663.74220806709        7.7854734128371378E-002
               142000   305663.72906631650        7.8011040484425628E-002
               142200   305663.73199106671        7.7972884090274891E-002
               142400   305663.77307404473        7.7342070844244937E-002
               142600   305663.71740708780        7.8171996269999544E-002
               142800   305663.70107687183        7.8469711700073691E-002
               143000   305663.86740214599        7.5927589686270988E-002
               143200   305663.83795558172        7.6367256401222230E-002
               143400   305663.83250748814        7.6423335374440848E-002
               143600   305663.78895388212        7.7123227738314953E-002
               143800   305663.82349285769        7.6555022473830836E-002
               144000   305663.91225018364        7.5195371469958791E-002
               144200   305663.75232931541        7.7682928820664993E-002
               144400   305663.79554118874        7.7033151671483752E-002
               144600   305663.74455925362        7.7786835370131716E-002
               144800   305663.79499432148        7.7005145813653114E-002
               145000   305663.76304562564        7.7529477742796366E-002
               145200   305663.80914543266        7.6782194694210756E-002
               145400   305663.72640340100        7.8110456427856009E-002
               145600   305663.74566304358        7.7776324566746297E-002
               145800   305663.84713178762        7.6237044812028032E-002
               146000   305663.89623013139        7.5447322405767459E-002
               146200   305663.83312174393        7.6426305966411978E-002
               146400   305663.79300663579        7.7057809290345183E-002
               146600   305663.82084244408        7.6628123812902071E-002
               146800   305663.68491946801        7.8712089526839210E-002
               147000   305663.79230124305        7.7046166712473774E-002
               147200   305663.75412105280        7.7641769237348945E-002
               147400   305663.80408907158        7.6921357415394367E-002
               147600   305663.85759071627        7.6072049944930664E-002
               147800   305663.83864893863        7.6329968536619122E-002
               148000   305663.71195706940        7.8277035619521387E-002
               148200   305663.68705947773        7.8672518981804607E-002
               148400   305663.78566157765        7.7098723991899654E-002
               148600   305663.71454873146        7.8217390937526610E-002
               148800   305663.80917173764        7.6779828292926816E-002
               149000   305663.79548831907        7.6987236189195354E-002
               149200   305663.72833789152        7.8027197470842719E-002
               149400   305663.85802895017        7.6025695271103547E-002
               149600   305663.78475494898        7.7184530638901294E-002
               149800   305663.82463731285        7.6579405480977386E-002
               150000   305663.77425874519        7.7372072319505908E-002
               150200   305663.79918047780        7.6961451033471809E-002
               150400   305663.76106561144        7.7541546576552378E-002
               150600   305663.81697615521        7.6667907819252201E-002
               150800   305663.69441975222        7.8544939254113669E-002
               151000   305663.75056048034        7.7694711316043621E-002
               151200   305663.83188640326        7.6427786844225437E-002
               151400   305663.65566879354        7.9144160199967922E-002
               151600   305663.72646243818        7.8077660393229331E-002
               151800   305663.85602352268        7.6030585681298321E-002
               152000   305663.84925257397        7.6160771887633774E-002
               152200   305663.67831059697        7.8774518350848297E-002
               152400   305663.74432715727        7.7751306677500215E-002
               152600   305663.76966418076        7.7413146561734480E-002
               152800   305663.85189977504        7.6128788583073065E-002
               153000   305663.71470743674        7.8270838604964366E-002
               153200   305663.82865329849        7.6467041951753717E-002
               153400   305663.79017612356        7.7065868053515132E-002
               153600   305663.81073761504        7.6778017134693372E-002
               153800   305663.80170359375        7.6856779057854527E-002
               154000   305663.82706326386        7.6500815859885690E-002
               154200   305663.79933042347        7.6936469876609667E-002
               154400   305663.77751705406        7.7303987720665407E-002
               154600   305663.76065638632        7.7525067736607986E-002
               154800   305663.80152269267        7.6875522942801144E-002
               155000   305663.74861583579        7.7697921140102960E-002
               155200   305663.77908002789        7.7252855725894132E-002
               155400   305663.79155052436        7.7047322920600486E-002
               155600   305663.77671004960        7.7305575566779611E-002
               155800   305663.73778262886        7.7841107852360064E-002
               156000   305663.72241865541        7.8103858655637723E-002
               156200   305663.78638615733        7.7109052709359638E-002
               156400   305663.76035984489        7.7526570144523840E-002
               156600   305663.78053994442        7.7160364227669614E-002
               156800   305663.78032491868        7.7198072857455488E-002
               157000   305663.76445068733        7.7462292432083801E-002
               157200   305663.80921821634        7.6773518030060106E-002
               157400   305663.78585750406        7.7180394603864097E-002
               157600   305663.88513714192        7.5609918794019404E-002
               157800   305663.72312310815        7.8112365873688167E-002
               158000   305663.81539938651        7.6640274637692407E-002
               158200   305663.77203644352        7.7403663584536084E-002
               158400   305663.72870616621        7.7973339055606605E-002
               158600   305663.77874645847        7.7208933964059298E-002
               158800   305663.74060740968        7.7773295023089994E-002
               159000   305663.76943214861        7.7345494800993134E-002
               159200   305663.73265256238        7.7911471624618617E-002
               159400   305663.74270181509        7.7772274900046942E-002
               159600   305663.75785087829        7.7520915617607850E-002
               159800   305663.73692534782        7.7853296990928980E-002
               160000   305663.80398161465        7.6808909745686341E-002
               160200   305663.64699596690        7.9235567018667963E-002
               160400   305663.77726075513        7.7246420428998416E-002
               160600   305663.79123621807        7.7025324999194136E-002
               160800   305663.81987922615        7.6631924481933317E-002
               161000   305663.80545812083        7.6859634503774213E-002
               161200   305663.80613471399        7.6803878233927272E-002
               161400   305663.77372515696        7.7340656098199762E-002
               161600   305663.80400538875        7.6895761024829409E-002
               161800   305663.80582006392        7.6896430478720315E-002
               162000   305663.72927829705        7.8019504001933734E-002
               162200   305663.71526968095        7.8239365039017669E-002
               162400   305663.79553848249        7.6977995073911162E-002
               162600   305663.79911054106        7.6922755430390996E-002
               162800   305663.73231980612        7.7965749760735087E-002
               163000   305663.81068318500        7.6780583781439912E-002
               163200   305663.86268887907        7.5976233014209013E-002
               163400   305663.75249021413        7.7639899582384653E-002
               163600   305663.70285825263        7.8429700596679350E-002
               163800   305663.75110164651        7.7648934202767278E-002
               164000   305663.82007532910        7.6627480126235964E-002
               164200   305663.75071349350        7.7678218871675503E-002
               164400   305663.62485760631        7.9603688101168565E-002
               164600   305663.73644264258        7.7857770292173126E-002
               164800   305663.72595160123        7.8062751229803606E-002
               165000   305663.76398503961        7.7485023816344367E-002
               165200   305663.78651546995        7.7151019426805481E-002
               165400   305663.76240421715        7.7518423175196444E-002
               165600   305663.76513440791        7.7503906344708509E-002
               165800   305663.81069795327        7.6756006615240499E-002
               166000   305663.84975910321        7.6197706317038871E-002
               166200   305663.80421235430        7.6864958742922027E-002
               166400   305663.82689679903        7.6537957277434274E-002
               166600   305663.84875319578        7.6218013143758562E-002
               166800   305663.83459238557        7.6442272577478265E-002
               167000   305663.77345040813        7.7317135143435689E-002
               167200   305663.78851901641        7.7098746561865883E-002
               167400   305663.75208620098        7.7646629757806937E-002
               167600   305663.73329872597        7.7951219945510797E-002
               167800   305663.89507628605        7.5473129188192142E-002
               168000   305663.76437915995        7.7466092503535908E-002
               168200   305663.79018027266        7.7115955487531931E-002
               168400   305663.73655954871        7.7960831179336207E-002
               168600   305663.78821274452        7.7157084826300931E-002
               168800   305663.82708930335        7.6511902129783135E-002
               169000   305663.81452471443        7.6735326263706854E-002
               169200   305663.76803495968        7.7391803730936931E-002
               169400   305663.78460540011        7.7143762679642292E-002
               169600   305663.76972765801        7.7408277682312412E-002
               169800   305663.73883630341        7.7852009948706238E-002
               170000   305663.76594197907        7.7447070265358076E-002
               170200   305663.73548576352        7.7923318287605736E-002
               170400   305663.77094976796        7.7365035311619798E-002
               170600   305663.80450608180        7.6852592943542838E-002
               170800   305663.76313425286        7.7495746378629549E-002
               171000   305663.69227678207        7.8577232246340084E-002
               171200   305663.84764666168        7.6145677567312470E-002
               171400   305663.78013044340        7.7290257007085222E-002
               171600   305663.83235612663        7.6444557360466792E-002
               171800   305663.82280618866        7.6612081048436045E-002
               172000   305663.82517091709        7.6559097740902041E-002
               172200   305663.80387738615        7.6927397554645865E-002
               172400   305663.94483158895        7.4734314497685236E-002
               172600   305663.77909505100        7.7331201882797823E-002
               172800   305663.78031444905        7.7278252861831931E-002
               173000   305663.68600148911        7.8709100034365903E-002
               173200   305663.79544185248        7.7008299370638106E-002
               173400   305663.81376393721        7.6737856673921120E-002
               173600   305663.75168248941        7.7698685490011812E-002
               173800   305663.80418155692        7.6901298245605904E-002
               174000   305663.81780448079        7.6685657721804537E-002
               174200   305663.72302620311        7.8135851682099536E-002
               174400   305663.82032952370        7.6621143923710694E-002
               174600   305663.71200955578        7.8270379855815683E-002
               174800   305663.82418229664        7.6581692326297940E-002
               175000   305663.87494284235        7.5796547446134510E-002
               175200   305663.77393330738        7.7359617047279061E-002
               175400   305663.79694807337        7.7023273810730569E-002
               175600   305663.82108282909        7.6633251575768238E-002
               175800   305663.84647352592        7.6233456367992475E-002
               176000   305663.92195893434        7.5100645978842279E-002
               176200   305663.80245052703        7.6939746561423925E-002
               176400   305663.77691248269        7.7282364477767512E-002
               176600   305663.75528353977        7.7611306032700847E-002
               176800   305663.81340559071        7.6723259322433943E-002
               177000   305663.69980565232        7.8490777522936386E-002
               177200   305663.82556739100        7.6546563732097256E-002
               177400   305663.79396808456        7.7002564981065183E-002
               177600   305663.83412637888        7.6400868327388974E-002
               177800   305663.72163902398        7.8094370657732476E-002
               178000   305663.74311116763        7.7775594879499990E-002
               178200   305663.70993812551        7.8283482287651696E-002
               178400   305663.86671344104        7.5873391723033382E-002
               178600   305663.74648908980        7.7722986653599599E-002
               178800   305663.80444276868        7.6793023097614890E-002
               179000   305663.75727555231        7.7587941713469263E-002
               179200   305663.80557906994        7.6816803961014646E-002
               179400   305663.80203544098        7.6870396445042580E-002
               179600   305663.72324076539        7.8108158140450343E-002
               179800   305663.84732457611        7.6205444593379829E-002
               180000   305663.70810387644        7.8363025930067082E-002
               180200   305663.75624828751        7.7637396518481214E-002
               180400   305663.85677906364        7.6045509340881556E-002
               180600   305663.65047412482        7.9239645742004913E-002
               180800   305663.79956316447        7.6939350214526331E-002
               181000   305663.75832278712        7.7545629479096739E-002
               181200   305663.75770198059        7.7597361056222836E-002
               181400   305663.73780001479        7.7873257257020059E-002
               181600   305663.71464537969        7.8251362970819235E-002
               181800   305663.70432125492        7.8333261256144079E-002
               182000   305663.74211440334        7.7745428268113315E-002
               182200   305663.75904951681        7.7505672571476711E-002
               182400   305663.82251587190        7.6506364586891348E-002
               182600   305663.70875015692        7.8280316280010726E-002
               182800   305663.77696876402        7.7245231055910343E-002
               183000   305663.64327462076        7.9259655965925033E-002
               183200   305663.68355328270        7.8678660499150468E-002
               183400   305663.75587364141        7.7540848464142234E-002
               183600   305663.83617619763        7.6338136684240152E-002
               183800   305663.82428376359        7.6511988259802335E-002
               184000   305663.78554321721        7.7105186466154482E-002
               184200   305663.79608991055        7.6875833965064866E-002
               184400   305663.80148198403        7.6776146131570688E-002
               184600   305663.86873018282        7.5761572390287329E-002
               184800   305663.77838553797        7.7182702963671412E-002
               185000   305663.80346356460        7.6784507487041617E-002
               185200   305663.86975626706        7.5722491589394952E-002
               185400   305663.86699962226        7.5756478205558545E-002
               185600   305663.75354440307        7.7501767074254435E-002
               185800   305663.72833975469        7.7889703286826151E-002
               186000   305663.74325091607        7.7638652580224218E-002
               186200   305663.77948636765        7.7142347776864878E-002
               186400   305663.72534042894        7.8018054686247215E-002
               186600   305663.73237140494        7.7829851916200385E-002
               186800   305663.73981228488        7.7739536220568353E-002
               187000   305663.70577737072        7.8272174117867410E-002
               187200   305663.84931219579        7.6081386042669813E-002
               187400   305663.84479854070        7.6108534786357054E-002
               187600   305663.79189638741        7.7003934594840465E-002
               187800   305663.83209243877        7.6321373417470709E-002
               188000   305663.80134584953        7.6777144849404969E-002
               188200   305663.77855307161        7.7229107407599418E-002
               188400   305663.82829702523        7.6381440030589734E-002
               188600   305663.83656186162        7.6275097341022891E-002
               188800   305663.71424078947        7.8093170223449526E-002
               189000   305663.76118844224        7.7401764108777901E-002
               189200   305663.79062841414        7.6926098916681451E-002
               189400   305663.74434035324        7.7638346285404086E-002
               189600   305663.67293700774        7.8806128992084598E-002
               189800   305663.72480136942        7.7977210448707576E-002
               190000   305663.79293381632        7.6924064304592144E-002
               190200   305663.80968987657        7.6662564256447463E-002
               190400   305663.79812016082        7.6863198392411319E-002
               190600   305663.75405364094        7.7519675037012140E-002
               190800   305663.80850686185        7.6677642095389228E-002
               191000   305663.83385003579        7.6297490830746856E-002
               191200   305663.77040264441        7.7263247681314359E-002
               191400   305663.79354346148        7.6930828548256433E-002
               191600   305663.79092777206        7.6932093174771995E-002
               191800   305663.75091978925        7.7557057188698861E-002
               192000   305663.80993568664        7.6640757277186278E-002
               192200   305663.78459642915        7.7057434866920252E-002
               192400   305663.79834084061        7.6857895632625212E-002
               192600   305663.69306910323        7.8419481443368619E-002
               192800   305663.82590801083        7.6391084205817125E-002
               193000   305663.72398691368        7.8000213278264702E-002
               193200   305663.76426848478        7.7330258964647153E-002
               193400   305663.75620945281        7.7474922694812806E-002
               193600   305663.75175626390        7.7572629695229350E-002
               193800   305663.80285636435        7.6777517048753130E-002
               194000   305663.84419456212        7.6121351709647511E-002
               194200   305663.83654587355        7.6258450154365609E-002
               194400   305663.72659851512        7.7885172794443458E-002
               194600   305663.74539463531        7.7587632740852619E-002
               194800   305663.73609901406        7.7774636812544290E-002
               195000   305663.84632433357        7.6091231716049354E-002
               195200   305663.82011457835        7.6530644621684074E-002
               195400   305663.83173054532        7.6340270294797313E-002
               195600   305663.75426961872        7.7527177752501120E-002
               195800   305663.75653205113        7.7502483655904925E-002
               196000   305663.74445531261        7.7608308181755917E-002
               196200   305663.70871298609        7.8202461885346949E-002
               196400   305663.77833210677        7.7120736119017319E-002
               196600   305663.75961377891        7.7395196473007660E-002
               196800   305663.86456359184        7.5746839985670861E-002
               197000   305663.70132934436        7.8316991304382716E-002
               197200   305663.77477779676        7.7205050089546076E-002
               197400   305663.72831187636        7.7920174494619035E-002
               197600   305663.71457831305        7.8144878364383566E-002
               197800   305663.85057778418        7.6067021978350677E-002
               198000   305663.76840802195        7.7305497758809003E-002
               198200   305663.78695064498        7.7032610251461658E-002
               198400   305663.87918396242        7.5603053765513323E-002
               198600   305663.82116467186        7.6513484555396236E-002
               198800   305663.86042973091        7.5883909589852458E-002
               199000   305663.80015962146        7.6819616056629736E-002
               199200   305663.73573600099        7.7807260068039327E-002
               199400   305663.80007203884        7.6845687853002567E-002
               199600   305663.86601002817        7.5823666102730156E-002
               199800   305663.76681618934        7.7327180210093258E-002
               200000   305663.80888112396        7.6695050202284676E-002
