                  200   16.267983013350619        8.1008167844059731E-002
                  400   16.210400032360376        8.1777505829103259E-002
                  600   16.316111069808922        8.0137446975956941E-002
                  800   16.249363484178573        8.1211552996439076E-002
                 1000   16.377107966622312        7.9293496215785256E-002
                 1200   16.402765354306300        7.8869779325315831E-002
                 1400   16.336027204183271        7.9897403856957733E-002
                 1600   16.408765223788031        7.8791475855536391E-002
                 1800   16.359865589486581        7.9578140022568217E-002
                 2000   16.404400250062398        7.8874176822742337E-002
                 2200   16.443655935974178        7.8274977532327150E-002
                 2400   16.443086001768222        7.8269757900033488E-002
                 2600   16.370718372733691        7.9373667036694281E-002
                 2800   16.494597626857004        7.7488973437889894E-002
                 3000   16.380146479922256        7.9208900783048986E-002
                 3200   16.343308394759298        7.9757359000636963E-002
                 3400   16.422996728753262        7.8525482871546565E-002
                 3600   16.431028464381860        7.8425859421425478E-002
                 3800   16.289695108536957        8.0603310372791295E-002
                 4000   16.449394929411458        7.8163478580213275E-002
                 4200   16.338238798234524        7.9900482317933855E-002
                 4400   16.322470421699499        8.0131277992937205E-002
                 4600   16.377654218026457        7.9264210369335883E-002
                 4800   16.435639566264001        7.8384222076040830E-002
                 5000   16.397737100645735        7.8975720182316758E-002
                 5200   16.448541958458819        7.8192318889906326E-002
                 5400   16.435555853899196        7.8382182039684167E-002
                 5600   16.310358762433729        8.0356663493272432E-002
                 5800   16.305700808235098        8.0358774974381056E-002
                 6000   16.392931933921243        7.8942438288284164E-002
                 6200   16.324169593089756        8.0047815658615795E-002
                 6400   16.480037185941484        7.7611349783828013E-002
                 6600   16.280580947354778        8.0683307163268450E-002
                 6800   16.343637607714808        7.9707977654506809E-002
                 7000   16.429358316492699        7.8433925789569411E-002
                 7200   16.327916742199847        7.9997325224733448E-002
                 7400   16.375886302303570        7.9266403775183236E-002
                 7600   16.308687347899518        8.0321278739483429E-002
                 7800   16.370762419242727        7.9364226352764480E-002
                 8000   16.399156644122108        7.8888528282803155E-002
                 8200   16.409368243940307        7.8812802379170335E-002
                 8400   16.350660107113022        7.9632882210281239E-002
                 8600   16.383612228269850        7.9148799775448017E-002
                 8800   16.377588261292871        7.9278904767493372E-002
                 9000   16.362990020717415        7.9459091034572202E-002
                 9200   16.371027286329277        7.9360345915527500E-002
                 9400   16.280044206020445        8.0750272817825222E-002
                 9600   16.230404310405870        8.1523201922072117E-002
                 9800   16.286785133180842        8.0634662158853315E-002
                10000   16.350702834536410        7.9667702978667154E-002
                10200   16.372316154403972        7.9349710887100272E-002
                10400   16.391311412603017        7.9037127403128807E-002
                10600   16.289347685422580        8.0659000236452824E-002
                10800   16.427690897712413        7.8484680497942036E-002
                11000   16.449964759777597        7.8121256684233684E-002
                11200   16.412155325654862        7.8747203110021979E-002
                11400   16.403727143789371        7.8874076041364635E-002
                11600   16.424755769562232        7.8529143757848141E-002
                11800   16.450909048681225        7.8140793598600239E-002
                12000   16.397713579702213        7.8943272717049109E-002
                12200   16.325923062648009        8.0004645674975172E-002
                12400   16.393832703045526        7.8966717162869321E-002
                12600   16.297388132169939        8.0485086325167529E-002
                12800   16.348708979745577        7.9683674425682180E-002
                13000   16.358493153325838        7.9530051508234501E-002
                13200   16.307319682422957        8.0328052369290401E-002
                13400   16.364637848575704        7.9449789211689492E-002
                13600   16.379791327636553        7.9225844143503851E-002
                13800   16.385275447042549        7.9131955228405451E-002
                14000   16.297032198533525        8.0467702057885587E-002
                14200   16.363370561179103        7.9505372645296501E-002
                14400   16.270437683349765        8.0898238068138645E-002
                14600   16.403499439865559        7.8894321064371609E-002
                14800   16.410366663626469        7.8752843523070715E-002
                15000   16.398240259580156        7.8949537668036709E-002
                15200   16.426783037624705        7.8517440800087782E-002
                15400   16.354992387936445        7.9623696266627242E-002
                15600   16.414792656583035        7.8723302843172915E-002
                15800   16.337785636726824        7.9903937488176910E-002
                16000   16.333097860943418        7.9945184022854401E-002
                16200   16.308438820516425        8.0340612744922310E-002
                16400   16.425732479022091        7.8542235093016610E-002
                16600   16.369451008111515        7.9394384926836231E-002
                16800   16.452346817380544        7.8166896320706267E-002
                17000   16.422735269048758        7.8594954849690798E-002
                17200   16.346723636510845        7.9756542196552399E-002
                17400   16.321002708242581        8.0198719012561828E-002
                17600   16.332614983591387        7.9982693555692222E-002
                17800   16.432679959263922        7.8426010685675618E-002
                18000   16.327904127423224        8.0007284471026632E-002
                18200   16.374124101490533        7.9362733785067002E-002
                18400   16.427520223830669        7.8560041517422671E-002
                18600   16.385504708806479        7.9177800841481544E-002
                18800   16.405784091203390        7.8891034218269374E-002
                19000   16.356172977335508        7.9604257475902912E-002
                19200   16.355670339078870        7.9623198102145423E-002
                19400   16.399000972178865        7.8958495841276011E-002
                19600   16.427648542025491        7.8492445506066696E-002
                19800   16.421664328326980        7.8586822378379675E-002
                20000   16.313289042817523        8.0247288880072432E-002
                20200   16.503035771070959        7.7355776898358430E-002
                20400   16.306913422578390        8.0366567987954052E-002
                20600   16.345535290303722        7.9734598805592596E-002
                20800   16.361825007559375        7.9485664016396743E-002
                21000   16.493192814789680        7.7491127081430813E-002
                21200   16.457103173896765        7.8068679504448693E-002
                21400   16.399369897457056        7.8941177698137521E-002
                21600   16.412139462691275        7.8622113125451837E-002
                21800   16.343405644165891        7.9726699946499155E-002
                22000   16.421742675386078        7.8506158250983712E-002
                22200   16.412892995232678        7.8651747756288665E-002
                22400   16.355636290749871        7.9484526075135897E-002
                22600   16.357894858167388        7.9487569297087682E-002
                22800   16.339628130518669        7.9747316707866972E-002
                23000   16.296747151434218        8.0434619812416827E-002
                23200   16.348672869748292        7.9582833778993695E-002
                23400   16.255809652765059        8.1006145674448721E-002
                23600   16.388116077897827        7.8954017060663920E-002
                23800   16.259670814615518        8.0993510425111589E-002
                24000   16.459214769581585        7.7916038349951283E-002
                24200   16.277620596217460        8.0689119477826948E-002
                24400   16.423589890110282        7.8483444111977801E-002
                24600   16.410821586734230        7.8683784016685576E-002
                24800   16.413963500677593        7.8603997708092024E-002
                25000   16.401742833206256        7.8794839919709148E-002
                25200   16.360646787510678        7.9412968102903159E-002
                25400   16.251685784250071        8.1121427209741456E-002
                25600   16.499649122117869        7.7219440672723128E-002
                25800   16.351652517996037        7.9559958978819720E-002
                26000   16.239603782906300        8.1275094516710764E-002
                26200   16.298687749100601        8.0346049476697587E-002
                26400   16.308619940061448        8.0151389421357161E-002
                26600   16.432177203552683        7.8298539496687858E-002
                26800   16.319872507876106        7.9972616047992204E-002
                27000   16.328784293870452        7.9873850293606927E-002
                27200   16.320143609164106        7.9954682614831143E-002
                27400   16.287241603079757        8.0496498016645018E-002
                27600   16.420832638116963        7.8382524150662214E-002
                27800   16.324413159640912        7.9892566395471390E-002
                28000   16.360939839454190        7.9343672096901213E-002
                28200   16.303357758038395        8.0330317771639598E-002
                28400   16.328248312791597        7.9868808639954242E-002
                28600   16.366369193197226        7.9284756118166960E-002
                28800   16.421074964149263        7.8487891231989085E-002
                29000   16.427823073826200        7.8381693269432590E-002
                29200   16.320124785116199        8.0051628728024668E-002
                29400   16.365298377587635        7.9337063470392197E-002
                29600   16.346139540956340        7.9608693424918914E-002
                29800   16.233658746059263        8.1342894012199463E-002
                30000   16.421507264703443        7.8437373455512577E-002
                30200   16.445877283232555        7.8227369610323255E-002
                30400   16.331106460050673        7.9979416402395573E-002
                30600   16.365633851877071        7.9415809771827287E-002
                30800   16.451939463805161        7.8132445199261935E-002
                31000   16.382407938612321        7.9211940254546379E-002
                31200   16.373378362424475        7.9326229402776699E-002
                31400   16.416595270978927        7.8634846390382623E-002
                31600   16.328629299852992        7.9974360081864052E-002
                31800   16.367056058813159        7.9490695090179753E-002
                32000   16.441855926190367        7.8348998473463494E-002
                32200   16.421165951877637        7.8674875590252519E-002
                32400   16.375911850577289        7.9390548959808363E-002
                32600   16.405772149426468        7.8903532798453843E-002
                32800   16.323950501307486        8.0164189654453058E-002
                33000   16.367850881236734        7.9507081850112002E-002
                33200   16.405985850004392        7.8881432398861653E-002
                33400   16.182067456915526        8.2382631054925104E-002
                33600   16.454262564670426        7.8160077917975426E-002
                33800   16.398404220291503        7.9012548266841454E-002
                34000   16.421849406527347        7.8644539343175904E-002
                34200   16.357712428442525        7.9681391337738106E-002
                34400   16.374087893842766        7.9354214461106062E-002
                34600   16.421719641495102        7.8683865313195878E-002
                34800   16.271662819511359        8.0953734933444002E-002
                35000   16.401225355346401        7.8948528125073636E-002
                35200   16.380523019560727        7.9258923642476400E-002
                35400   16.259506559246766        8.1185446747908493E-002
                35600   16.342140349860639        7.9908411800582765E-002
                35800   16.251258054010144        8.1271658381732920E-002
                36000   16.294535122749547        8.0604922624869457E-002
                36200   16.260691669404107        8.1118767982233081E-002
                36400   16.444834537030342        7.8285528679714597E-002
                36600   16.320818452058731        8.0242487136154561E-002
                36800   16.378336257616823        7.9377033619848880E-002
                37000   16.371631078572022        7.9508196446054655E-002
                37200   16.413951659505379        7.8878824961175070E-002
                37400   16.415604534874443        7.8836826169741067E-002
                37600   16.305762590257636        8.0509227915805587E-002
                37800   16.222454623038065        8.1748990915135572E-002
                38000   16.354423974429345        7.9764572137856662E-002
                38200   16.401517551351208        7.9010093824277844E-002
                38400   16.291604298079029        8.0744509845923781E-002
                38600   16.344178575981854        7.9875058039624816E-002
                38800   16.353847147277101        7.9727733552566918E-002
                39000   16.245748335741066        8.1400547047982885E-002
                39200   16.278389417857245        8.0945726476314442E-002
                39400   16.411296433808264        7.8868870933624269E-002
                39600   16.327243871489209        8.0147487798590059E-002
                39800   16.380783882710769        7.9329702112893891E-002
                40000   16.424593655526902        7.8647007370409305E-002
                40200   16.325283907413898        8.0175880099919938E-002
                40400   16.294075056117585        8.0661778838399492E-002
                40600   16.368511053841324        7.9519663409023875E-002
                40800   16.449913409071847        7.8278231533533915E-002
                41000   16.365498908490778        7.9576670617856310E-002
                41200   16.406188854156113        7.8968567674571596E-002
                41400   16.435055969200722        7.8517940552833537E-002
                41600   16.325943562938278        8.0205359814099403E-002
                41800   16.275573838176207        8.1011876972329103E-002
                42000   16.468464161677062        7.8046035447268472E-002
                42200   16.339805422389706        7.9981084416872128E-002
                42400   16.364255962490098        7.9592617222638648E-002
                42600   16.385341966093993        7.9221929963747773E-002
                42800   16.428591163915456        7.8611055178829450E-002
                43000   16.403460192538578        7.9011574186264311E-002
                43200   16.463681475545499        7.8084998742695338E-002
                43400   16.369082769336316        7.9525730129336572E-002
                43600   16.393740632639592        7.9165565877154703E-002
                43800   16.361442423470272        7.9653052386854398E-002
                44000   16.446145848930822        7.8370958902090601E-002
                44200   16.309554928918054        8.0402382330255748E-002
                44400   16.453557821875233        7.8224796997204721E-002
                44600   16.402957170558537        7.9033462612621341E-002
                44800   16.347342728952331        7.9841914023706523E-002
                45000   16.404758624016257        7.8935854668262237E-002
                45200   16.263479032373649        8.1131211091163044E-002
                45400   16.388018966557446        7.9172553098078371E-002
                45600   16.359096720511051        7.9637233168216831E-002
                45800   16.298383795655511        8.0601108632678886E-002
                46000   16.356978950653268        7.9721830151463474E-002
                46200   16.381363448006166        7.9281151398567243E-002
                46400   16.397585289242652        7.9046503933324144E-002
                46600   16.469005026818813        7.7957256674862793E-002
                46800   16.417171493727995        7.8764043596069311E-002
                47000   16.388249606041310        7.9210325515465932E-002
                47200   16.423932701009075        7.8692631424956860E-002
                47400   16.429911319794197        7.8571039054314576E-002
                47600   16.408011864173318        7.8906254797688938E-002
                47800   16.337337856603543        8.0006914323167366E-002
                48000   16.431318765376236        7.8535357103906453E-002
                48200   16.405996200246420        7.8961222242117310E-002
                48400   16.395593253579587        7.9124220899192674E-002
                48600   16.443570166093725        7.8348310773180357E-002
                48800   16.516556591391559        7.7229484905893944E-002
                49000   16.328026742537418        8.0145002970984591E-002
                49200   16.455603042579028        7.8173398840231056E-002
                49400   16.354714294653963        7.9733015086697848E-002
                49600   16.384770000239115        7.9308207935333025E-002
                49800   16.333382885802557        8.0112819512268701E-002
                50000   16.388602691193796        7.9201351582023197E-002
                50200   16.363761532259783        7.9580048402033060E-002
                50400   16.366848358389731        7.9523835231596368E-002
                50600   16.359021269286202        7.9657519549494182E-002
                50800   16.327174320850812        8.0177944061581158E-002
                51000   16.374471287512662        7.9429604219082031E-002
                51200   16.343499685335733        7.9884542992356325E-002
                51400   16.326883800124396        8.0154952382523251E-002
                51600   16.337929567532331        7.9963837853456524E-002
                51800   16.216540419470718        8.1827042382769985E-002
                52000   16.425352396086851        7.8627715354924077E-002
                52200   16.393197545634191        7.9131694062013952E-002
                52400   16.278895700429722        8.0873830754171788E-002
                52600   16.209494748073737        8.1937480312247166E-002
                52800   16.415735393618075        7.8758964608222737E-002
                53000   16.358673576839958        7.9632288690200295E-002
                53200   16.383207730907461        7.9268083743814943E-002
                53400   16.369398794729719        7.9547130133499316E-002
                53600   16.280814747872181        8.0929318204672807E-002
                53800   16.300312070035229        8.0667140634772150E-002
                54000   16.358623060893521        7.9768644397076122E-002
                54200   16.373039335635983        7.9530339049259186E-002
                54400   16.377195222467506        7.9439993570874862E-002
                54600   16.359706332322190        7.9691343767145914E-002
                54800   16.304717150743887        8.0544649450393246E-002
                55000   16.403266919607869        7.9068502468076410E-002
                55200   16.350455239209527        7.9886390959460596E-002
                55400   16.440738533859520        7.8534850659345914E-002
                55600   16.371409725132416        7.9543135942677812E-002
                55800   16.400790332725443        7.9105118168027871E-002
                56000   16.271029934105698        8.1102899218141289E-002
                56200   16.326189601248366        8.0282387242742739E-002
                56400   16.319912093554798        8.0398483354809688E-002
                56600   16.212183783594810        8.1988557008202539E-002
                56800   16.214062364187519        8.1964905293449977E-002
                57000   16.312093978767177        8.0482296973279077E-002
                57200   16.366524191844306        7.9632695411420262E-002
                57400   16.371994149556926        7.9533480358736433E-002
                57600   16.320627853462494        8.0310150488188542E-002
                57800   16.222062097015186        8.1832091052112824E-002
                58000   16.209151606325555        8.2046175637666779E-002
                58200   16.320634490033989        8.0354497024608576E-002
                58400   16.365717888418729        7.9625194696118368E-002
                58600   16.332977006605798        8.0157390869687248E-002
                58800   16.347383861720253        7.9922354571103443E-002
                59000   16.289014749606693        8.0806734258560123E-002
                59200   16.284969407654682        8.0878212949057837E-002
                59400   16.306549902948856        8.0527582310411044E-002
                59600   16.420294021534481        7.8806026142098792E-002
                59800   16.349704754540145        7.9903571033089385E-002
                60000   16.405950917377673        7.9019371419457973E-002
                60200   16.485441246762765        7.7771915541875999E-002
                60400   16.462264361267980        7.8152353620497328E-002
                60600   16.401882578293499        7.9103416334240811E-002
                60800   16.432315285497996        7.8636966283578233E-002
                61000   16.303511715783102        8.0610159289361299E-002
                61200   16.404142894473715        7.8992618445366231E-002
                61400   16.399334814148123        7.9043697272371094E-002
                61600   16.359506587781649        7.9613684853627534E-002
                61800   16.316802327192896        8.0285776863479014E-002
                62000   16.472096659526965        7.7918783764216418E-002
                62200   16.408053950518784        7.8928537979783359E-002
                62400   16.428733764614144        7.8576391649029936E-002
                62600   16.301843011261543        8.0587748612257232E-002
                62800   16.410984673352026        7.8885411167849390E-002
                63000   16.395998876287283        7.9103023595623878E-002
                63200   16.366806621681203        7.9537016771974681E-002
                63400   16.258036297312692        8.1226638108758617E-002
                63600   16.281423744498284        8.0832707390055686E-002
                63800   16.314652380774209        8.0358470613076785E-002
                64000   16.420252271441385        7.8735417518269971E-002
                64200   16.387619114728253        7.9269184709728102E-002
                64400   16.373349128259054        7.9479912448445600E-002
                64600   16.387544312133475        7.9241869295204270E-002
                64800   16.476630474405631        7.7888738904367108E-002
                65000   16.405674240199417        7.9002225508577550E-002
                65200   16.456552595042048        7.8203927867920714E-002
                65400   16.449301030797081        7.8287096760483219E-002
                65600   16.387885661697347        7.9279987086167125E-002
                65800   16.368810369510371        7.9508635571227448E-002
                66000   16.425248005877737        7.8642217409682774E-002
                66200   16.524922050349510        7.7151749253056373E-002
                66400   16.420006595495821        7.8744989908671667E-002
                66600   16.433975756149344        7.8491312984788106E-002
                66800   16.440888693124251        7.8439573307538341E-002
                67000   16.350769830640537        7.9816947615776582E-002
                67200   16.418966373307050        7.8754520163370978E-002
                67400   16.390287946394601        7.9206386520830355E-002
                67600   16.359503458980420        7.9673260176358007E-002
                67800   16.354433221724676        7.9717486030498316E-002
                68000   16.426468643739174        7.8657941033360809E-002
                68200   16.383824988913592        7.9338643265314299E-002
                68400   16.360870954897077        7.9607803418104181E-002
                68600   16.302089050355068        8.0515471017816351E-002
                68800   16.324240919363611        8.0159062088169600E-002
                69000   16.397143985994191        7.9045559675965715E-002
                69200   16.359962872916967        7.9660223585590925E-002
                69400   16.345327379810097        7.9888510612070349E-002
                69600   16.314496025508298        8.0312812439211692E-002
                69800   16.352293350260407        7.9788374974301413E-002
                70000   16.308800096446618        8.0401637054882763E-002
                70200   16.332540750187036        8.0020126748267639E-002
                70400   16.391773742766016        7.9130543337652556E-002
                70600   16.300554684562023        8.0567424947566108E-002
                70800   16.433338959359862        7.8502085408140479E-002
                71000   16.314015380064934        8.0318658503341328E-002
                71200   16.432498196042154        7.8550637203523690E-002
                71400   16.383640001277886        7.9301086303082469E-002
                71600   16.335229284720096        8.1113174354317460E-002
                71800   16.434383381005848        7.9666871297062250E-002
                72000   16.508298194877526        7.8486090600227459E-002
                72200   16.449064364732660        7.9395281878997845E-002
                72400   16.389479767313446        8.0306400857699231E-002
                72600   16.393850672994819        8.0209782147222547E-002
                72800   16.487547635662999        7.8807747328380542E-002
                73000   16.368835715113814        8.0616045882538748E-002
                73200   16.377482084779754        8.0399475987391583E-002
                73400   16.339186155124789        8.1019057053707488E-002
                73600   16.440139364427214        7.9455626388647879E-002
                73800   16.334542765063816        8.1125659527359117E-002
                74000   16.399507712673774        8.0154935883012951E-002
                74200   16.400591602067120        8.0156824364421009E-002
                74400   16.401408054891622        8.2075263485508768E-002
                74600   16.342764582970940        8.2959514551128807E-002
                74800   16.410231971197636        8.1964592070332548E-002
                75000   16.522307665853472        8.0330550238383494E-002
                75200   16.595774075592203        7.9225265665291200E-002
                75400   16.578344515167903        7.9523651548658147E-002
                75600   200.16961843417138        7.4536960755935494E-002
                75800   200.06002988589609        7.3628760732365919E-002
                76000   200.02675033412896        7.4154529058730670E-002
                76200   200.07705980945829        7.3328762162061689E-002
                76400   199.88177053713579        7.6391989202772514E-002
                76600   200.05132368384821        7.3772385659337886E-002
                76800   199.88133835268602        7.6332150747713198E-002
                77000   200.06818151253401        7.3451849644410677E-002
                77200   200.05635561675558        7.3641812901999532E-002
                77400   200.02242449712074        7.4169609003462256E-002
                77600   199.96217431630055        7.5170318766752758E-002
                77800   199.94447610488044        7.5281500629362480E-002
                78000   200.15279795600182        7.2099161693520902E-002
                78200   199.97772504035532        7.4758681168466123E-002
                78400   200.04742327460966        7.3711337651496026E-002
                78600   199.97728575340014        7.4825120056781574E-002
                78800   200.00919090244892        7.4274756742646553E-002
                79000   200.14685702303132        7.2180557258834432E-002
                79200   200.13911124188246        7.2317485309482371E-002
                79400   200.00197651126766        7.4461308852576194E-002
                79600   199.99923267802353        7.4398269943312806E-002
                79800   200.07898518851957        7.3276096384330872E-002
                80000   199.98437582718981        7.4682970862026854E-002
                80200   199.98230654925791        7.4725007632963789E-002
                80400   200.04090952447163        7.3749954122552641E-002
                80600   200.11526418207089        7.2678611284830510E-002
                80800   200.13885208911938        7.2350872807431410E-002
                81000   200.00888202850476        7.4384396619970899E-002
                81200   200.12372302100033        7.2564341560800008E-002
                81400   200.10410364540488        7.2859568635443628E-002
                81600   200.00449285778672        7.4394330122793020E-002
                81800   200.16216565018203        7.2001927211829353E-002
                82000   200.14242282421313        7.2261575167102507E-002
                82200   199.97611477588950        7.4846458780419942E-002
                82400   200.04967429486058        7.3663317259796343E-002
                82600   200.03505902429896        7.3892613734785562E-002
                82800   199.99137786320816        7.4555706610604039E-002
                83000   200.04805224233471        7.3731930284910679E-002
                83200   200.12683045296549        7.2480724932252050E-002
                83400   200.02867652638324        7.4036038447047606E-002
                83600   200.07515728163861        7.3150903073410906E-002
                83800   199.95421593989471        7.5086194005650850E-002
                84000   199.97952067064537        7.4794212070994015E-002
                84200   200.00049607365315        7.4411445836880599E-002
                84400   200.02805157578553        7.3840902691447913E-002
                84600   200.00506536445016        7.4273468376578167E-002
                84800   199.98940120025370        7.4504085201177392E-002
                85000   199.89675700974360        7.5942853230623233E-002
                85200   199.91298082092220        7.5748820642043649E-002
                85400   200.02241840719887        7.3983776325082559E-002
                85600   200.05583384223362        7.3557129350151657E-002
                85800   200.00911989911225        7.4309178186029307E-002
                86000   200.01233201916813        7.4197577049792407E-002
                86200   200.07378230169147        7.3278009585470760E-002
                86400   200.01620827533546        7.4142047149662993E-002
                86600   200.07057695280642        7.3329134392937242E-002
                86800   199.97079829570333        7.4813057207383363E-002
                87000   200.06520722291020        7.3404620589059610E-002
                87200   200.04541273592108        7.3701298309426858E-002
                87400   200.07859291785982        7.3142992744152438E-002
                87600   200.02520268509508        7.4010251477427291E-002
                87800   199.94775120001592        7.5205028107241237E-002
                88000   200.10254093860888        7.2831088520790663E-002
                88200   199.93627667553463        7.5368329699481970E-002
                88400   199.96270987676940        7.5008255837788709E-002
                88600   199.98327067444626        7.4648385826523070E-002
                88800   200.02716068430897        7.3998354371368716E-002
                89000   199.92738626350328        7.5503032919928714E-002
                89200   199.93201452031747        7.5429724815886431E-002
                89400   199.96453997514459        7.4908602058396917E-002
                89600   199.99158540691704        7.4506886661251007E-002
                89800   199.89430481838093        7.6014066373010447E-002
                90000   200.00542267619031        7.4265570671595282E-002
                90200   200.03927144017516        7.3744429231712455E-002
                90400   200.04238349837127        7.3709760485228260E-002
                90600   199.91784606999238        7.5581781182079685E-002
                90800   200.06217899487214        7.3418150551280759E-002
                91000   200.00633174334007        7.4291002536941819E-002
                91200   200.07631549992306        7.3233968239065611E-002
                91400   200.05476435120684        7.3504122562963500E-002
                91600   199.94921957369553        7.5167657607606173E-002
                91800   200.04455538664874        7.3684059281792377E-002
                92000   200.04741713635812        7.3567343029338761E-002
                92200   199.92609450488666        7.5544447488292296E-002
                92400   200.00955799407629        7.4195936345847355E-002
                92600   199.94185051227703        7.5276339242046256E-002
                92800   199.98118411186977        7.4611177348870739E-002
                93000   200.02008193794452        7.4036406149586301E-002
                93200   200.05073203044211        7.3539957880778439E-002
                93400   200.02713906484425        7.3948551904065601E-002
                93600   199.92709422547802        7.5510667196922079E-002
                93800   200.01577326217509        7.4153786873505281E-002
                94000   199.93705360705295        7.5362516416153852E-002
                94200   200.12275303655937        7.2531590816774127E-002
                94400   200.02321205449837        7.4051649407300565E-002
                94600   200.01217188598045        7.4217719005015573E-002
                94800   200.11375284012027        7.2645208594441429E-002
                95000   200.08496328875557        7.3093447096260603E-002
                95200   199.97345795700451        7.4795870950513030E-002
                95400   200.03449524962917        7.3833555854608796E-002
                95600   200.04068298302192        7.3760282404818661E-002
                95800   199.97092563629559        7.4844243071481201E-002
                96000   200.00999411874548        7.4197406926531248E-002
                96200   199.96033878616331        7.4993720813703021E-002
                96400   200.04780330432570        7.3666196036135556E-002
                96600   200.04545846418691        7.3632127392512847E-002
                96800   200.05243734118113        7.3562361447383859E-002
                97000   200.02483764677817        7.3989861336775681E-002
                97200   199.93163867212587        7.5428738569259093E-002
                97400   199.92317032795941        7.5556635934370023E-002
                97600   200.15582094552289        7.1979371308902571E-002
                97800   200.08366284186911        7.3070773387025584E-002
                98000   199.95893576000603        7.4992162554107789E-002
                98200   199.96911933516085        7.4860187231887601E-002
                98400   199.97044220045703        7.4774302501834936E-002
                98600   199.95387176345261        7.5028979802201912E-002
                98800   200.02750408302347        7.3901803659152498E-002
                99000   200.02783164045414        7.3942005203476296E-002
                99200   200.05463851128974        7.3482195967322750E-002
                99400   199.97050467634605        7.4783556181891475E-002
                99600   200.02810133575977        7.3966997070660276E-002
                99800   200.07005690923771        7.3281195606590535E-002
               100000   199.96759623771695        7.4850179975569586E-002
               100200   200.08112441036533        7.3146632450375740E-002
               100400   200.06354282834798        7.3384868372484979E-002
               100600   907.95897999257079        7.1208457379764736E-002
               100800   908.01273345596621        7.0334815038699094E-002
               101000   908.04914404014221        6.9776680319001805E-002
               101200   908.06385650038510        6.9546750965215273E-002
               101400   907.99050712438043        7.0680912613389643E-002
               101600   908.01339132309988        7.0365384351329524E-002
               101800   907.98430340643120        7.0762154604974578E-002
               102000   908.05694898688876        6.9643719789929129E-002
               102200   907.98094569500540        7.0850807846614725E-002
               102400   908.03323318395780        7.0013233443129888E-002
               102600   908.00347737439051        7.0442930750265753E-002
               102800   907.97938905999604        7.0856277415561511E-002
               103000   907.97697814488242        7.0883823714966029E-002
               103200   907.88157195492647        7.2397316393497335E-002
               103400   907.99698091930861        7.0571187989862491E-002
               103600   908.03974305491272        6.9918250981495289E-002
               103800   908.04387381754452        6.9842198816985293E-002
               104000   908.01538026104993        7.0273474535087935E-002
               104200   907.97097139112304        7.0984529894090001E-002
               104400   908.05282679086315        6.9685976563405874E-002
               104600   908.09753077630285        6.9058047448218751E-002
               104800   908.05734113137157        6.9672246123670969E-002
               105000   908.01012605940321        7.0397083734866625E-002
               105200   908.02968240380517        7.0105608453732274E-002
               105400   908.01904545476270        7.0231496489687323E-002
               105600   908.01260255824445        7.0368735862171197E-002
               105800   908.01122579177218        7.0357053821136148E-002
               106000   908.02073346228110        7.0224009625670283E-002
               106200   907.99056217264399        7.0728258973186492E-002
               106400   908.04094096573181        6.9868833881817069E-002
               106600   907.96866303803461        7.1019682637324860E-002
               106800   908.04003118692378        6.9953783678095655E-002
               107000   908.04749383204660        6.9794389096096490E-002
               107200   908.07400012852622        6.9394301040440573E-002
               107400   907.99709018050862        7.0559348010792791E-002
               107600   908.01570926527859        7.0293602028339910E-002
               107800   908.05221915550339        6.9760913163511809E-002
               108000   907.97999228692822        7.0849676028112110E-002
               108200   908.08964133318284        6.9180803983198091E-002
               108400   907.89805656129238        7.2088966762029735E-002
               108600   907.98799375385977        7.0738833782232752E-002
               108800   908.01721823609921        7.0228642375978437E-002
               109000   908.11113741298766        6.8832395737182042E-002
               109200   908.03155777221684        7.0052925220677159E-002
               109400   908.09057487156554        6.9183603589193940E-002
               109600   908.09102876898874        6.9117412584502616E-002
               109800   908.06216547735698        6.9562955084361597E-002
               110000   908.00059898736765        7.0508496179926480E-002
               110200   908.03601519734389        6.9956494942183478E-002
               110400   907.98992025012387        7.0699931252415193E-002
               110600   907.89802999870562        7.2110178726864732E-002
               110800   908.01490609019254        7.0293148481331599E-002
               111000   908.09473880306541        6.9076972255736349E-002
               111200   907.93808858642080        7.1433291804306909E-002
               111400   908.02979733380607        7.0037278423862717E-002
               111600   907.93579011362783        7.1528445905580773E-002
               111800   908.04240865163547        6.9875561439516315E-002
               112000   908.00535859111017        7.0444673552547951E-002
               112200   907.95578660279728        7.1223114730254944E-002
               112400   908.02021239708233        7.0257086811162592E-002
               112600   908.12770901297449        6.8578929451350898E-002
               112800   908.06952788502770        6.9447212012442638E-002
               113000   908.05268617704451        6.9737125253647086E-002
               113200   908.09268285183873        6.9122761198032345E-002
               113400   908.05640562733424        6.9674235746856231E-002
               113600   908.05606614156704        6.9680815772198090E-002
               113800   908.05837099362338        6.9633325876364352E-002
               114000   907.94275808987834        7.1421174844513241E-002
               114200   908.11504255837428        6.8791485692951515E-002
               114400   908.04731306399140        6.9788789021646536E-002
               114600   908.05464247828138        6.9700572161702126E-002
               114800   907.91838354541142        7.1820664422015068E-002
               115000   908.00830343174346        7.0428333241841917E-002
               115200   908.04234062499950        6.9900948312584421E-002
               115400   908.06676645653783        6.9498087125525312E-002
               115600   907.97098209655087        7.0969331689218346E-002
               115800   908.05553055928056        6.9696850682621811E-002
               116000   908.08571782781291        6.9227547974221301E-002
               116200   908.03464155596816        7.0019224685475501E-002
               116400   907.98767622013543        7.0707667871570318E-002
               116600   908.05458585129531        6.9711176441975886E-002
               116800   907.99985809338489        7.0487665004571307E-002
               117000   908.01376622388045        7.0283445771408659E-002
               117200   907.97856293504617        7.0871044884847856E-002
               117400   907.92166742040740        7.1740482718065185E-002
               117600   908.04409088188106        6.9873084951470044E-002
               117800   908.01563350953109        7.0258202295667788E-002
               118000   908.02027387550913        7.0171924390056664E-002
               118200   908.06908836969751        6.9430348341072187E-002
               118400   908.00504292501546        7.0478509725025743E-002
               118600   907.99481503354343        7.0593610149624189E-002
               118800   908.03130825365918        7.0037874842502623E-002
               119000   907.98777566952242        7.0708476579515123E-002
               119200   908.01211914375097        7.0326906661704255E-002
               119400   907.93760126989196        7.1532734172351065E-002
               119600   908.07029331840909        6.9443075918237396E-002
               119800   908.00572399196562        7.0429609227564680E-002
               120000   908.07138683027722        6.9418179501849253E-002
               120200   908.08573281665338        6.9215611899635265E-002
               120400   908.09363617676058        6.9051211566835691E-002
               120600   908.05255176659807        6.9727295774995687E-002
               120800   907.99273491867916        7.0665663586880867E-002
               121000   908.01269920820914        7.0356701953548928E-002
               121200   908.06168284950627        6.9565194036608421E-002
               121400   907.97419709362964        7.0913569693683412E-002
               121600   907.99614224506752        7.0589604956922458E-002
               121800   908.08828623888121        6.9197606737930767E-002
               122000   908.09575082831202        6.9057117192285591E-002
               122200   907.99663646264878        7.0550881888333153E-002
               122400   907.95541801536126        7.1253267387907868E-002
               122600   908.04264858618046        6.9822019236906119E-002
               122800   908.11457708657258        6.8795676903193576E-002
               123000   908.00749014362134        7.0425813945346208E-002
               123200   908.07328388525696        6.9395001334611892E-002
               123400   908.12885559138863        6.8573826557915385E-002
               123600   908.04209894607095        6.9891117287425947E-002
               123800   908.01758581386844        7.0262366650760438E-002
               124000   908.00242334996449        7.0487394654626043E-002
               124200   907.98705363716113        7.0709795181623417E-002
               124400   908.03045714588859        7.0056604494830935E-002
               124600   907.93825212605566        7.1503040422105479E-002
               124800   907.96746961408473        7.1046351294912324E-002
               125000   908.08466360193540        6.9206693434753094E-002
               125200   907.94290966895721        7.1379094301238510E-002
               125400   907.98103115291815        7.0798190364340721E-002
               125600   907.92034753899009        7.1757224386022431E-002
               125800   908.02944482282885        7.0079643413312506E-002
               126000   908.05459752804052        6.9711134847703360E-002
               126200   908.05354580376923        6.9684140860376012E-002
               126400   908.02772240254819        7.0133050360919408E-002
               126600   907.94834051091630        7.1335572473574069E-002
               126800   907.92846658051656        7.1697573683695906E-002
               127000   908.01489282954719        7.0276982648571198E-002
               127200   908.02546596287652        7.0148785333727232E-002
               127400   908.02058099448686        7.0191268435196713E-002
               127600   908.04130727902191        6.9900394456051673E-002
               127800   907.96852120151550        7.1038027648868074E-002
               128000   907.92253607633063        7.1751115117349121E-002
               128200   908.12405973372927        6.8628796013987942E-002
               128400   908.01069030872600        7.0370473006525824E-002
               128600   908.05558231521900        6.9721645203815838E-002
               128800   908.02851103976445        7.0056677459971448E-002
               129000   908.10648602144681        6.8854781945540858E-002
               129200   908.12350060734457        6.8580241126036237E-002
               129400   908.00055194882714        7.0507187692267298E-002
               129600   908.03719552944960        6.9963438697612845E-002
               129800   908.06669451611481        6.9511029006252972E-002
               130000   908.04705457692467        6.9782777132988624E-002
               130200   908.00903905194161        7.0425687128871067E-002
               130400   907.99036995871734        7.0680990665341642E-002
               130600   908.02235500733582        7.0204746044368355E-002
               130800   907.97261079698922        7.1011430461751859E-002
               131000   908.08898984354801        6.9155346662487627E-002
               131200   908.02206165466657        7.0184354232752336E-002
               131400   907.98727760019710        7.0684585984735218E-002
               131600   908.01703923389550        7.0243637892379196E-002
               131800   908.00705241107346        7.0354030405248708E-002
               132000   908.08015193453059        6.9313979493579855E-002
               132200   907.96084608282774        7.1137435493995843E-002
               132400   908.06361595564772        6.9536123244140963E-002
               132600   907.92985862326520        7.1666326295939900E-002
               132800   907.96910270798423        7.1027234848183199E-002
               133000   908.07967087480665        6.9333026680225299E-002
               133200   908.03300465084499        7.0032989146082927E-002
               133400   907.94613548935854        7.1381363364287104E-002
               133600   907.91453696196163        7.1858273029396402E-002
               133800   908.03188573165778        7.0018143094188565E-002
               134000   907.98960484013776        7.0698626113019331E-002
               134200   907.94813164585673        7.1379221279668711E-002
               134400   907.99036587004855        7.0682962778108732E-002
               134600   908.03394295246665        7.0063664504840459E-002
               134800   908.00403446050552        7.0540717820557694E-002
               135000   908.08272477133880        6.9307265922049624E-002
               135200   908.00845373251423        7.0478994717913218E-002
               135400   907.97092454326685        7.1027743573338464E-002
               135600   908.10242295685123        6.9046548447686942E-002
               135800   908.02728002432718        7.0146963010325303E-002
               136000   908.00454433253071        7.0502589521366343E-002
               136200   908.05761821748615        6.9724858866842446E-002
               136400   907.94993602199133        7.1326801467821152E-002
               136600   908.01880120180454        7.0241845579214757E-002
               136800   907.99197096831438        7.0675182688631377E-002
               137000   908.06289387109257        6.9631199867697530E-002
               137200   908.04914437571676        6.9790185751436806E-002
               137400   907.99299646970098        7.0716399418926018E-002
               137600   908.09673754816038        6.9075376970109389E-002
               137800   908.07410559177492        6.9448186826596106E-002
               138000   908.00448156542768        7.0523467786695340E-002
               138200   908.04715565387937        6.9859796598562215E-002
               138400   908.03698189590727        6.9990211097791993E-002
               138600   908.08904219281374        6.9190789430653654E-002
               138800   908.07256387157599        6.9438954035207709E-002
               139000   908.04872196294866        6.9853179282578171E-002
               139200   908.06244862592177        6.9607902861150359E-002
               139400   908.07084544155111        6.9464874381138325E-002
               139600   907.99980822568386        7.0558981596781339E-002
               139800   907.97242860712151        7.0969473609230088E-002
               140000   907.94570954171400        7.1387277903570842E-002
               140200   908.05433934337248        6.9720794835191405E-002
               140400   908.08747328727986        6.9219306512184858E-002
               140600   908.03055069394020        7.0076550215177377E-002
               140800   907.91740031476013        7.1851748123895567E-002
               141000   907.99536743554495        7.0597265898283842E-002
               141200   907.96855364684518        7.1032190446909144E-002
               141400   908.01621348760671        7.0289977987031141E-002
               141600   908.01136009958202        7.0392271427874228E-002
               141800   908.07773148172714        6.9366577603489479E-002
               142000   908.10643026142338        6.8954056870114577E-002
               142200   908.07377916631583        6.9449721648921658E-002
               142400   907.97350507422561        7.0996225416202360E-002
               142600   907.97451681886253        7.0976885822877492E-002
               142800   907.97609880452865        7.0898793873211990E-002
               143000   908.00658786363397        7.0440305298693370E-002
               143200   907.99817873631639        7.0554210862730657E-002
               143400   907.98772974713643        7.0761335019912955E-002
               143600   908.10338835634218        6.8963260209818480E-002
               143800   908.12281526646291        6.8696596249246580E-002
               144000   908.05116684471238        6.9788396285912963E-002
               144200   907.92599594461865        7.1635897056411629E-002
               144400   907.98207023879456        7.0815266007897934E-002
               144600   908.07992383477358        6.9306728658511355E-002
               144800   908.08900968131547        6.9181450571177500E-002
               145000   907.93350763537615        7.1573989824551293E-002
               145200   908.02607539015241        7.0134148747440686E-002
               145400   908.01402731644237        7.0297607095003614E-002
               145600   908.00249779256433        7.0521011254199795E-002
               145800   908.00505117299622        7.0473879803680667E-002
               146000   907.98502981978299        7.0765026111320115E-002
               146200   907.96289403837716        7.1115435287748524E-002
               146400   908.06540095365835        6.9571162280797988E-002
               146600   907.95094801466485        7.1305458061507232E-002
               146800   907.97024250852837        7.0964807897322901E-002
               147000   907.93580822975628        7.1539312347054546E-002
               147200   908.06736912504573        6.9521292193498757E-002
               147400   908.04734399223742        6.9823888289551495E-002
               147600   907.99958237632211        7.0560081107941708E-002
               147800   908.00199173867145        7.0534769356229390E-002
               148000   908.06485380246170        6.9534040493806390E-002
               148200   908.03283475972478        7.0015536482519722E-002
               148400   908.11343777772277        6.8803050915820174E-002
               148600   907.99133210792888        7.0648427896416552E-002
               148800   908.07731890120112        6.9351347972959387E-002
               149000   908.09835957824214        6.9039625819361169E-002
               149200   907.99718271269228        7.0545184888754511E-002
               149400   907.98959064059579        7.0668066245315228E-002
               149600   908.00808423109879        7.0363645652845849E-002
               149800   908.06981565308683        6.9441073474208984E-002
               150000   908.05894208261645        6.9629719037473906E-002
               150200   908.03878951880984        6.9974076009909042E-002
               150400   908.05159834390531        6.9761437889698602E-002
               150600   908.07448847754893        6.9407082114820634E-002
               150800   908.01515700588720        7.0314509993134766E-002
               151000   908.03879784588355        6.9965245588206479E-002
               151200   908.02769770868144        7.0116049473895464E-002
               151400   908.09781210657206        6.9040801365288562E-002
               151600   908.01357583704169        7.0355193801869567E-002
               151800   908.09867193343121        6.9035382627978523E-002
               152000   908.09845809610817        6.9051788494635891E-002
               152200   908.01506851555678        7.0309119796888156E-002
               152400   907.99195977229954        7.0697424037096487E-002
               152600   907.99671895445658        7.0598459421604975E-002
               152800   908.05481855855464        6.9712614117266827E-002
               153000   907.95438760547302        7.1306991418953719E-002
               153200   907.93539913135442        7.1548763649837213E-002
               153400   908.00240768849460        7.0503870206891195E-002
               153600   907.98974998226038        7.0765571155209858E-002
               153800   907.91357714098081        7.1885424005331669E-002
               154000   907.93407336441862        7.1596764914904590E-002
               154200   908.06963219452052        6.9519694918265540E-002
               154400   908.13274255902854        6.8513264941491833E-002
               154600   908.07422423826415        6.9361827036313731E-002
               154800   907.95345348405056        7.1305552411411274E-002
               155000   908.05070534472816        6.9751016452705927E-002
               155200   908.08523580882991        6.9266284004921630E-002
               155400   907.92072249185696        7.1769235979542947E-002
               155600   907.97466424726474        7.0950988168646006E-002
               155800   908.02504434609091        7.0132314814824140E-002
               156000   908.04395247958576        6.9898823835207333E-002
               156200   907.94792677619944        7.1357736883086567E-002
               156400   908.02066743344051        7.0214965629379122E-002
               156600   908.01129339186650        7.0334103204830356E-002
               156800   908.00426935565429        7.0492344258357029E-002
               157000   907.99286630086988        7.0675977839765036E-002
               157200   908.04865846588370        6.9802697044538689E-002
               157400   908.03351704395197        7.0075209457306234E-002
               157600   908.09891090759481        6.9007200741604297E-002
               157800   907.95099579181306        7.1284344829521992E-002
               158000   907.94859383996595        7.1306188614290000E-002
               158200   908.02942439743981        7.0053279820182141E-002
               158400   908.00996281923665        7.0405791094481057E-002
               158600   908.08155418858246        6.9302160586251604E-002
               158800   908.04229314134943        6.9884971135702412E-002
               159000   908.04771861735264        6.9813461066325785E-002
               159200   908.00055588404939        7.0540451796025985E-002
               159400   907.94361871193507        7.1444367829154296E-002
               159600   907.99538021836588        7.0621357010201974E-002
               159800   907.93279307354146        7.1610845912447652E-002
               160000   908.02106191305290        7.0273940315833644E-002
               160200   907.97341546699886        7.1002085513520496E-002
               160400   908.04987874277151        6.9849254159123741E-002
               160600   908.05826019549272        6.9719289250283853E-002
               160800   908.08338592800317        6.9321210526808147E-002
               161000   908.03163520344572        7.0061230366646368E-002
               161200   907.93984531777062        7.1511776300308916E-002
               161400   908.04368542923908        6.9945793238726461E-002
               161600   908.00453499775494        7.0518791168470679E-002
               161800   908.02368873690796        7.0198170264601067E-002
               162000   908.00015465103127        7.0519762003040387E-002
               162200   908.02750775738411        7.0185768023821565E-002
               162400   908.01999757467422        7.0239714182612295E-002
               162600   908.03411707358339        7.0044794497058513E-002
               162800   907.97061730395808        7.1029934403956094E-002
               163000   908.00588443393292        7.0480047716719965E-002
               163200   907.98914490347170        7.0775378938679537E-002
               163400   908.03839146742109        6.9932634591011220E-002
               163600   908.01106098786215        7.0417798097032830E-002
               163800   908.00859295882537        7.0454258067938355E-002
               164000   908.00318197007937        7.0448163011011006E-002
               164200   907.94527361854659        7.1425343524580201E-002
               164400   908.08581496063255        6.9218019600349470E-002
               164600   908.04079027344255        6.9944980883533861E-002
               164800   908.04611202960018        6.9856786076184715E-002
               165000   907.98123147777653        7.0830291324654460E-002
               165200   907.97418814750347        7.0976204420230851E-002
               165400   907.94778672917130        7.1377307266469542E-002
               165600   908.08513414497645        6.9224854415384771E-002
               165800   908.03504408920264        6.9970779828234686E-002
               166000   907.93487087974347        7.1553178773829315E-002
               166200   908.04116898023460        6.9917194999770324E-002
               166400   908.00929028510132        7.0467682121108752E-002
               166600   908.01197417470826        7.0370536236802561E-002
               166800   907.97607175548171        7.0950747493697078E-002
               167000   907.95479851551647        7.1293944158617062E-002
               167200   908.02705920568224        7.0174597999297053E-002
               167400   907.99149151213055        7.0718061547386635E-002
               167600   907.99039343717527        7.0741816563155147E-002
               167800   907.97139615050537        7.0989479150030746E-002
               168000   908.00768339711180        7.0496832257237699E-002
               168200   907.98995536888913        7.0747589690839899E-002
               168400   907.95010657024352        7.1400924373354213E-002
               168600   907.97420498668544        7.0987600873874873E-002
               168800   908.01481509275948        7.0360471391996568E-002
               169000   908.04484951431880        6.9932260279728986E-002
               169200   908.06171888584606        6.9681831771190000E-002
               169400   908.07672327022340        6.9375554128040917E-002
               169600   908.06858845467389        6.9507062872854367E-002
               169800   908.08566840291951        6.9210478725584737E-002
               170000   907.92148143933753        7.1756626128516091E-002
               170200   908.00434718574070        7.0499990525993053E-002
               170400   908.12234468020881        6.8674806855922879E-002
               170600   908.05587671495960        6.9697825444775582E-002
               170800   908.01380908144870        7.0365965717981621E-002
               171000   908.05578607573887        6.9746838954395499E-002
               171200   908.01342350787286        7.0393869546239676E-002
               171400   908.00867441369451        7.0478950352125813E-002
               171600   908.12080174106211        6.8717691318651478E-002
               171800   908.06198724760941        6.9623742843455710E-002
               172000   908.00166192840766        7.0573518262609519E-002
               172200   908.04694946173049        6.9789313464633296E-002
               172400   908.03554906369595        7.0013841836022966E-002
               172600   907.96355541345076        7.1083146552522070E-002
               172800   907.98559461439243        7.0828761551403954E-002
               173000   908.07576176437533        6.9402151238588561E-002
               173200   908.07046093068107        6.9465114002148692E-002
               173400   908.11155884714560        6.8869167136750120E-002
               173600   908.07610115747798        6.9404663672660127E-002
               173800   908.00095280917787        7.0545833359591845E-002
               174000   908.05153433422095        6.9771281641081678E-002
               174200   908.02466649409109        7.0205911643117250E-002
               174400   907.99098927195064        7.0738764143461766E-002
               174600   908.04831353646705        6.9821814371071600E-002
               174800   907.99409306058271        7.0633893496901329E-002
               175000   908.04002744645015        6.9917583905051706E-002
               175200   908.05183945739407        6.9759118043787344E-002
               175400   908.04834813644607        6.9753404444672540E-002
               175600   907.97758946461272        7.0926189225229030E-002
               175800   908.09311474484775        6.9109636273903555E-002
               176000   907.96036818615164        7.1170955192032856E-002
               176200   908.03183066661552        7.0104971831097526E-002
               176400   908.02876593822793        7.0154490780618500E-002
               176600   907.99487243766760        7.0672884211096881E-002
               176800   907.95830809010761        7.1260327339293605E-002
               177000   908.05942943930006        6.9766680181106183E-002
               177200   907.98430464203739        7.0844340723500626E-002
               177400   908.01318694803228        7.0415480259491736E-002
               177600   908.01535069014221        7.0379458717817062E-002
               177800   908.04249486315666        6.9984375832255988E-002
               178000   908.00221220766309        7.0608524590652311E-002
               178200   908.07269863585555        6.9487660549061372E-002
               178400   907.99762602818930        7.0699556620527682E-002
               178600   908.07511430144837        6.9464213525610607E-002
               178800   907.97040917956542        7.1062263161887310E-002
               179000   908.05163157598815        6.9860260123906254E-002
               179200   908.00185120790786        7.0580741891653462E-002
               179400   907.99067467230464        7.0741576626180802E-002
               179600   908.05452123463738        6.9780586780464518E-002
               179800   908.09680296820125        6.9153237864417488E-002
               180000   908.03771337710521        7.0080385842643311E-002
               180200   908.08470698728343        6.9347733949603710E-002
               180400   908.02005489392423        7.0350803354155500E-002
               180600   908.03680404471208        7.0104080617175865E-002
               180800   908.02834064295985        7.0234692601660112E-002
               181000   908.05620867071514        6.9831465496190251E-002
               181200   907.99116251327791        7.0816487303177425E-002
               181400   908.02869833618149        7.0274618939056899E-002
               181600   908.11655033204102        6.8908680804725689E-002
               181800   908.08008798236062        6.9499426413899848E-002
               182000   908.02335309823138        7.0298802448770653E-002
               182200   908.08327765537945        6.9410488034713974E-002
               182400   907.99408609489751        7.0783983364161432E-002
               182600   908.05316455020807        6.9876108218664940E-002
               182800   908.09486443390415        6.9189270508378239E-002
               183000   907.89841515357216        7.2236822171812681E-002
               183200   907.96377280924253        7.1235422705144991E-002
               183400   907.98295798770778        7.0930319201304479E-002
               183600   908.06968579939019        6.9614785775702237E-002
               183800   907.92689583293100        7.1818604090128024E-002
               184000   908.14100204183637        6.8522909047294120E-002
               184200   907.93717240986905        7.1666700983865017E-002
               184400   908.07032731908544        6.9589256301688801E-002
               184600   908.10075333763359        6.9119082984883812E-002
               184800   908.07003332979275        6.9595896783567993E-002
               185000   908.05546730440824        6.9845016091349091E-002
               185200   908.08400303850499        6.9369097630767221E-002
               185400   908.03844478801068        7.0070975618807901E-002
               185600   908.10804612308834        6.8984385895202546E-002
               185800   908.01561179867633        7.0474457042161334E-002
               186000   907.94783096781384        7.1458482767888409E-002
               186200   908.04116304066270        7.0050074161316367E-002
               186400   908.00075582326724        7.0647839871704587E-002
               186600   908.04155616450043        7.0055847938366736E-002
               186800   907.96272551076777        7.1228072315935753E-002
               187000   908.07090776095902        6.9541917250288104E-002
               187200   907.99700296753315        7.0725755319104203E-002
               187400   907.97066044834867        7.1066411342812177E-002
               187600   908.01618045375312        7.0395667817356428E-002
               187800   908.07004744585277        6.9592165380056151E-002
               188000   908.00263530284258        7.0593058073949805E-002
               188200   907.99562977633832        7.0754726068908230E-002
               188400   908.11090725424992        6.8981236882728073E-002
               188600   908.10061401860241        6.9162564690778472E-002
               188800   908.01661545322202        7.0448449999598067E-002
               189000   907.96906593611448        7.1174906435712448E-002
               189200   908.02443464834380        7.0318735850865260E-002
               189400   908.01345514469881        7.0500135873258915E-002
               189600   908.02544840068595        7.0314511931958062E-002
               189800   907.95474211511169        7.1427361396255676E-002
               190000   908.02823325412521        7.0290840323747231E-002
               190200   908.04723563907237        6.9976624139631502E-002
               190400   908.01917241595334        7.0393889451221769E-002
               190600   908.00520436454451        7.0635315976656010E-002
               190800   907.97954341631578        7.0996999859129717E-002
               191000   908.00583777093857        7.0580963991156626E-002
               191200   908.01443432793542        7.0448407969805574E-002
               191400   908.05375503298922        6.9883177474472299E-002
               191600   907.99805697382249        7.0669714644359130E-002
               191800   907.99272372947405        7.0762292422302142E-002
               192000   908.02528926537241        7.0255728753674127E-002
               192200   907.89521820114032        7.2278045473303090E-002
               192400   907.97386661537337        7.1078826369119330E-002
               192600   908.10342161282335        6.9088804563254974E-002
               192800   908.10305006675810        6.9109762287803148E-002
               193000   908.04349962726337        7.0028747860009913E-002
               193200   908.16079018412290        6.8189342103750730E-002
               193400   907.99060576047782        7.0814097208137389E-002
               193600   907.93877557958479        7.1594116232414837E-002
               193800   908.09444903826977        6.9197376869021235E-002
               194000   908.02439170388914        7.0273398814016494E-002
               194200   908.03881566426674        7.0063504039916000E-002
               194400   908.06028343705543        6.9722140527772952E-002
               194600   908.02364971099087        7.0246994112621378E-002
               194800   907.97397827023508        7.1065981946568088E-002
               195000   907.92727803572950        7.1781992411183271E-002
               195200   907.95837105832720        7.1308306856731604E-002
               195400   908.02492023100956        7.0324930044205730E-002
               195600   908.12237661913423        6.8699344245014560E-002
               195800   908.07191513836653        6.9550766440210327E-002
               196000   907.98879871983240        7.0869568518485943E-002
               196200   907.95601899010774        7.1382010716276784E-002
               196400   907.96818264793239        7.1219246920230780E-002
               196600   907.99745674356973        7.0720365929986484E-002
               196800   908.04057926995006        7.0128059316294955E-002
               197000   908.01795684076706        7.0388749267046552E-002
               197200   907.91990531325962        7.1980477483842703E-002
               197400   908.00578670119614        7.0612144508729754E-002
               197600   908.05935761648777        6.9784597463047243E-002
               197800   907.89168278397892        7.2361489855596484E-002
               198000   908.08244341885666        6.9419561352270467E-002
               198200   908.02792646118598        7.0225217355264435E-002
               198400   907.92383404959560        7.1828394590192385E-002
               198600   908.05938425507088        6.9780674958307559E-002
               198800   908.00820417327338        7.0498862335626203E-002
               199000   908.02517499196244        7.0225791571047316E-002
               199200   907.91802270628511        7.1924016164844076E-002
               199400   908.05390257532918        6.9812178282420589E-002
               199600   908.02439749511075        7.0296385767287958E-002
               199800   908.01982084570921        7.0377120061786744E-002
               200000   908.00832732558035        7.0562168301657874E-002
