                  200  0.75208275157292070        8.3709305673885098E-002
                  400  0.81863256323413813        8.2734330905851597E-002
                  600  0.85835354533421571        8.2094387952472953E-002
                  800  0.90966153301858621        8.1362695271749566E-002
                 1000  0.95240852575505019        8.0685507202523252E-002
                 1200  0.89368093513293501        8.1561010117605776E-002
                 1400  0.96678511281691915        8.0454086733408287E-002
                 1600   1.0219074544466926        7.9639479865845034E-002
                 1800  0.98384237275486919        8.0222360044069504E-002
                 2000  0.98584608607210367        8.0192408451469271E-002
                 2200   1.0358966609263360        7.9429156954823901E-002
                 2400   1.0325357196369598        7.9458579024693693E-002
                 2600   1.0725087208002542        7.8875920011437270E-002
                 2800  0.99843090063746165        7.9995906953473458E-002
                 3000   1.0682148185276510        7.8953763779869707E-002
                 3200   1.0399992954184818        7.9367045174695783E-002
                 3400   1.0516263883990518        7.9193913021786078E-002
                 3600   1.0816703645541033        7.8722262475754007E-002
                 3800  0.99757857932817540        8.0030174359366754E-002
                 4000  0.97554490721805009        8.0335971769313702E-002
                 4200  0.91705214942606250        8.1232938083021844E-002
                 4400  0.98674789820855779        8.0174923116295593E-002
                 4600  0.91702579021477026        8.1226683453047482E-002
                 4800  0.89643891524485297        8.1539344674724692E-002
                 5000  0.82775587758787794        8.2583836402176633E-002
                 5200  0.88626583233913092        8.1684687586006610E-002
                 5400  0.95112580524560730        8.0705150656900898E-002
                 5600  0.86035199823282316        8.2096110317909268E-002
                 5800  0.95525750125959707        8.0631308321507583E-002
                 6000  0.85915384932393479        8.2109469991652362E-002
                 6200  0.89761962952535213        8.1487587697838301E-002
                 6400  0.95419293954242945        8.0645538488747726E-002
                 6600  0.92125828013193123        8.1161710266129131E-002
                 6800  0.87440968452317125        8.1896977988353631E-002
                 7000  0.92329450239831168        8.1142057236257156E-002
                 7200  0.93624282989422336        8.0934238920962728E-002
                 7400  0.95045034605759304        8.0738598917570653E-002
                 7600  0.98617196881441604        8.0211273939511468E-002
                 7800  0.96599643594252849        8.0507108925672310E-002
                 8000  0.90710677882227397        8.1428497788612511E-002
                 8200  0.95896524541716965        8.0623746557421286E-002
                 8400   1.0517851423079791        7.9176909824695718E-002
                 8600  0.97227281465374937        8.0418984499727328E-002
                 8800   1.0235572632889407        7.9626560443552291E-002
                 9000  0.94765366958681474        8.0783077612219617E-002
                 9200  0.91304413566477782        8.1301883449824378E-002
                 9400   1.0340456646686336        7.9472961580837428E-002
                 9600  0.96434502627440699        8.0508895012282311E-002
                 9800   1.0161762909747800        7.9725904449939267E-002
                10000  0.95502708985494433        8.0647230132169637E-002
                10200  0.92899341673596647        8.1025425562346237E-002
                10400  0.86446635640367886        8.2060339230055804E-002
                10600  0.93834753899567369        8.0897101934419319E-002
                10800  0.88110415763925076        8.1756394579239736E-002
                11000  0.91341423742101335        8.1280129364565940E-002
                11200  0.86841107008284568        8.1969713079834070E-002
                11400  0.93180692740829085        8.1004116641094234E-002
                11600  0.92631476232193843        8.1090113525102592E-002
                11800  0.87037433605113368        8.1963067566929962E-002
                12000  0.92178388472873507        8.1160646124674260E-002
                12200  0.92118598612489511        8.1153891800693004E-002
                12400  0.91313386085303350        8.1291458725865712E-002
                12600  0.91409055103354697        8.1306136087299377E-002
                12800  0.92891934273823629        8.1071599591233889E-002
                13000  0.93011883817458174        8.1033132156674501E-002
                13200  0.93545025183556774        8.0964276610360597E-002
                13400  0.96251481669703820        8.0552606308148436E-002
                13600   1.0050552283582079        7.9881193329038508E-002
                13800  0.94296726241830242        8.0856833663499272E-002
                14000  0.99330216252140380        8.0082775336436013E-002
                14200  0.91464479950233035        8.1288111922791242E-002
                14400  0.93265255447774265        8.1020815744080682E-002
                14600  0.96209482666782165        8.0539012923930467E-002
                14800  0.91607878473363347        8.1246472078923451E-002
                15000  0.94832470544744452        8.0738963516273896E-002
                15200  0.89665083518755540        8.1552392562434101E-002
                15400  0.92862886680327350        8.1069724504892471E-002
                15600  0.96819021894425095        8.0456705857236133E-002
                15800  0.90910976281246725        8.1357398558609823E-002
                16000  0.84973934210555668        8.2256317252523539E-002
                16200  0.89162815127162920        8.1596168447557474E-002
                16400  0.89188860182858398        8.1592273186356937E-002
                16600  0.85089326378919472        8.2209363349980386E-002
                16800  0.87350500982716694        8.1884743177213504E-002
                17000  0.87213451902391204        8.1911533604553971E-002
                17200  0.93592931955973158        8.0925180986832615E-002
                17400  0.89655647203603905        8.1495913241144927E-002
                17600  0.88968083684012356        8.1617534614770962E-002
                17800  0.87564849643068976        8.1867156422300427E-002
                18000  0.95345411491130150        8.0657444226655758E-002
                18200  0.93463281314571511        8.0976988515458384E-002
                18400  0.95813588349455392        8.0608297061444942E-002
                18600  0.90320918506412073        8.1468207187815181E-002
                18800  0.93404579236040508        8.0981314751224748E-002
                19000  0.91436325213047120        8.1308914972914551E-002
                19200   1.0648724890256451        7.9031453126245585E-002
                19400  0.96629669786186245        8.0519648372310251E-002
                19600   1.0163149912751319        7.9747402162980777E-002
                19800  0.91433152100382797        8.1308297247933398E-002
                20000  0.91227673939393883        8.1321897499420509E-002
                20200  0.90650463139300674        8.1409237221031716E-002
                20400  0.83915924075401938        8.2472871589068172E-002
                20600  0.94150754789442959        8.0863344760708167E-002
                20800  0.99466104803796540        8.0066443710842358E-002
                21000  0.92936370391409640        8.1052177293188782E-002
                21200  0.99884713212201570        7.9994863920792955E-002
                21400  0.99942885513390645        7.9993966834318933E-002
                21600  0.90182598174218598        8.1479299746570838E-002
                21800  0.96456109606884888        8.0508151072615081E-002
                22000  0.94123406177198132        8.0856939812411016E-002
                22200  0.89275405487265114        8.1582058518015990E-002
                22400  0.80809527837225559        8.2875555139456797E-002
                22600  0.86177123715016057        8.2023968845035794E-002
                22800  0.88627157187863781        8.1649724346464739E-002
                23000  0.81839944445360435        8.2729101380362713E-002
                23200  0.89398867491985323        8.1546102584360902E-002
                23400  0.88770609592988914        8.1649227613950090E-002
                23600  0.84920082183352552        8.2244663262926343E-002
                23800  0.88362235510281573        8.1757186757683495E-002
                24000  0.81315534170702608        8.2832632626881036E-002
                24200  0.89444111387857772        8.1562418532127839E-002
                24400  0.86480297630538705        8.2025608821982593E-002
                24600  0.89229980859476310        8.1576291413586993E-002
                24800  0.93140434358156521        8.1013526132912322E-002
                25000  0.91399187753835731        8.1257123634217374E-002
                25200  0.87696052274595693        8.1826112572889728E-002
                25400  0.86559815480830693        8.2028583965513852E-002
                25600  0.84455920071295731        8.2349753727399291E-002
                25800  0.93914588768050788        8.0876045670886867E-002
                26000  0.90454568808164781        8.1406740763023511E-002
                26200  0.95156909224858344        8.0686090868035798E-002
                26400  0.83333841517032592        8.2508871016004168E-002
                26600  0.87766653377256165        8.1830881053364890E-002
                26800  0.83965259274565807        8.2400094644542468E-002
                27000  0.90902416523257257        8.1348026356813791E-002
                27200  0.89907405327042855        8.1488121758093168E-002
                27400  0.84098419318344664        8.2408618767479569E-002
                27600  0.89649664816535790        8.1506583535613103E-002
                27800  0.95727175663154673        8.0592466037796212E-002
                28000  0.92262712569872807        8.1145724272834785E-002
                28200  0.96823115659647607        8.0447177767091121E-002
                28400  0.79908041830630439        8.3080783940572944E-002
                28600  0.91939698677032822        8.1172174895428356E-002
                28800  0.84738804906033272        8.2337863598389210E-002
                29000  0.94245641601966235        8.0810914616507620E-002
                29200  0.81093395361913934        8.2881578630394928E-002
                29400  0.95714892805496976        8.0633889111588378E-002
                29600  0.91772289978607413        8.1198807957924390E-002
                29800  0.94124137575786715        8.0867072469525833E-002
                30000  0.86348671595252846        8.2038409005829191E-002
                30200  0.83065976793748542        8.2551886655245543E-002
                30400  0.92817192968052387        8.1073133324189875E-002
                30600  0.90548702807207326        8.1448658630008886E-002
                30800   1.0066283652323540        7.9869929004209125E-002
                31000  0.95839300841731301        8.0615190017086474E-002
                31200  0.91049033789573741        8.1329270709116469E-002
                31400  0.94940558416639076        8.0751604171724653E-002
                31600  0.96805005941478539        8.0442810910531945E-002
                31800  0.97173506837216506        8.0392497533553459E-002
                32000  0.89143000382392135        8.1616983228490203E-002
                32200  0.88760923461641106        8.1660488021756822E-002
                32400  0.84713361018888778        8.2254040320542274E-002
                32600  0.92605829562394504        8.1064844127837335E-002
                32800  0.81655981002034683        8.2771948258412303E-002
                33000  0.90207407770126846        8.1439968649292316E-002
                33200  0.94867374734027821        8.0736429948851801E-002
                33400  0.90107577525047855        8.1450894469818708E-002
                33600  0.92773282309297689        8.1033915449851779E-002
                33800  0.88446849035639541        8.1725680961394237E-002
                34000  0.76089063392556611        8.3609019231139434E-002
                34200  0.94491509754748071        8.0796891064613560E-002
                34400  0.84105012580623684        8.2422665431984218E-002
                34600  0.82179792334109081        8.2687740710634006E-002
                34800  0.84236918209092915        8.2350670774377938E-002
                35000  0.89368231428409961        8.1593840632066469E-002
                35200  0.93335810962594568        8.0964029467673435E-002
                35400  0.91075984480459549        8.1276509754413709E-002
                35600  0.86349498460230789        8.2057024661485817E-002
                35800  0.95437150476953569        8.0633095894453791E-002
                36000  0.89215128794982324        8.1638669746230977E-002
                36200  0.89017488926755506        8.1628106804017761E-002
                36400  0.91340429477593565        8.1260280565044918E-002
                36600  0.98781366512096436        8.0172824283881283E-002
                36800   1.0025680019927041        7.9900349858838940E-002
                37000  0.94097328983444417        8.0887640667509100E-002
                37200  0.88377960474945738        8.1731184099999729E-002
                37400  0.90190974898824683        8.1491714598784140E-002
                37600  0.94812082153871591        8.0739261894539727E-002
                37800  0.98553967985251589        8.0161952535952347E-002
                38000  0.92012134088241926        8.1187125341628502E-002
                38200  0.99441027879889721        8.0062520858307049E-002
                38400  0.98697353354782891        8.0166863976025959E-002
                38600  0.92336187035812767        8.1175808045547485E-002
                38800  0.96041677188531305        8.0572612988239437E-002
                39000  0.88496731726494526        8.1716245848684685E-002
                39200  0.94982362740783055        8.0687997719802937E-002
                39400  0.85438430403233634        8.2190240740635467E-002
                39600  0.95681517548553774        8.0599509951177761E-002
                39800  0.92122401806187759        8.1139537783920704E-002
                40000  0.97790432307767772        8.0296327033916523E-002
                40200  0.80245831263857081        8.2976542358743521E-002
                40400  0.87475990095700806        8.1877556904032173E-002
                40600  0.85209274548815361        8.2223330373472972E-002
                40800  0.88112933575727836        8.1756973012194922E-002
                41000  0.87449554087847348        8.1871496706505550E-002
                41200  0.89398032127102511        8.1550610043377214E-002
                41400  0.84633548449792007        8.2317748610984703E-002
                41600  0.90300791391076696        8.1425344894277829E-002
                41800  0.91676766797162235        8.1216387609052851E-002
                42000  0.84946289467103786        8.2289330364212210E-002
                42200  0.93202286649826649        8.0966432049907305E-002
                42400  0.92164121677569544        8.1172754007978978E-002
                42600  0.92539078531445496        8.1099201716869351E-002
                42800  0.97996414780612384        8.0246051399565310E-002
                43000  0.84065064480186213        8.2404015080435683E-002
                43200  0.92471531110248573        8.1098492641439229E-002
                43400  0.84547659833794364        8.2356439065390086E-002
                43600  0.91599626340443985        8.1254543270655580E-002
                43800  0.87456840868874341        8.1903081699237879E-002
                44000  0.99904640833884761        7.9990182576584454E-002
                44200   1.0017832677054195        7.9948258019538088E-002
                44400  0.89241087818133946        8.1627700192255986E-002
                44600  0.87186235256304223        8.1875892523713883E-002
                44800  0.90083682048124258        8.1464924307651981E-002
                45000  0.83139878929179212        8.2561339295924602E-002
                45200  0.92065573023126135        8.1161590826049346E-002
                45400  0.89695130469273687        8.1526845945940257E-002
                45600  0.87620720332615232        8.1793136391109994E-002
                45800  0.87613618516147307        8.1863890378373605E-002
                46000  0.87764381444219941        8.1803270242290296E-002
                46200  0.93742764909085796        8.0929803831714178E-002
                46400  0.91354518507374372        8.1273262473272601E-002
                46600  0.99423617757946714        8.0030463903795715E-002
                46800  0.87195480576257389        8.1947458831231182E-002
                47000  0.84038184777852010        8.2395804930186278E-002
                47200  0.87274159332312951        8.1889886989984756E-002
                47400  0.75784733769506862        8.3676759762025529E-002
                47600  0.91172211470614928        8.1324105551694351E-002
                47800  0.85710972684498155        8.2162107297505838E-002
                48000  0.90469224546012017        8.1402166188444758E-002
                48200  0.91127388777559759        8.1320561089827145E-002
                48400  0.89944034238139370        8.1516067237701398E-002
                48600  0.89574799262769222        8.1570528917584068E-002
                48800  0.91023510910622041        8.1342585645799062E-002
                49000  0.91510000112285150        8.1277158552455375E-002
                49200  0.97237707670780693        8.0410483094692245E-002
                49400  0.97554564799944732        8.0361785543834788E-002
                49600  0.99262127855960181        8.0081831694954642E-002
                49800  0.88350042836214815        8.1744688704588453E-002
                50000  0.92919772134981160        8.1045305653751523E-002
                50200  0.87935785433805524        8.1856810597347701E-002
                50400  0.91517498106755868        8.1273775003810500E-002
                50600  0.91293351828221092        8.1280198314438168E-002
                50800  0.90715480783554725        8.1395625632188814E-002
                51000  0.91037975587388165        8.1308035954849922E-002
                51200  0.90883436972732967        8.1349469770455374E-002
                51400  0.90037151143747052        8.1483638967431923E-002
                51600  0.90388795118607546        8.1450193726376158E-002
                51800  0.91905280395905453        8.1194992891588130E-002
                52000  0.92556555934357676        8.1121329581627266E-002
                52200  0.87998702891826208        8.1789907873726975E-002
                52400  0.84457240996876448        8.2331425453072773E-002
                52600  0.84620295149924984        8.2307117799241811E-002
                52800  0.83288201841768628        8.2553189813170738E-002
                53000  0.90276968362812759        8.1442411343181073E-002
                53200  0.85115885995934626        8.2240848634587860E-002
                53400  0.85379462593998068        8.2194040669033144E-002
                53600  0.84026802325745531        8.2420821213209775E-002
                53800  0.86880957069754150        8.1945014995114043E-002
                54000  0.92807514817945769        8.1033616882804527E-002
                54200  0.81014055755555370        8.2815686575991157E-002
                54400  0.87536052931283170        8.1846050588653102E-002
                54600  0.91533037724338229        8.1230784787975435E-002
                54800  0.80605412785597808        8.2910897814655105E-002
                55000  0.89834036933100092        8.1498109052632758E-002
                55200  0.88752680638841697        8.1696020098796548E-002
                55400  0.89813417236319559        8.1454250526924551E-002
                55600  0.95133257828581752        8.0720654118872803E-002
                55800  0.92665072028675965        8.1064661201964872E-002
                56000  0.82389894833761879        8.2656495936496974E-002
                56200  0.80725743281911211        8.2893529494693752E-002
                56400  0.82200670077403981        8.2713855035144154E-002
                56600  0.93204351780390515        8.1012719288131668E-002
                56800  0.86449422285180277        8.2055945247068038E-002
                57000  0.88252274247493856        8.1746835571208890E-002
                57200  0.96347421283751311        8.0531911139045065E-002
                57400  0.90623029173423919        8.1403135189038203E-002
                57600  0.96338164218141875        8.0519005312295389E-002
                57800  0.94140451147689264        8.0877873737615971E-002
                58000  0.91845365510617605        8.1219141993120775E-002
                58200  0.87804287023946948        8.1804210066530797E-002
                58400  0.94613497751318276        8.0778891768089209E-002
                58600  0.92890470244941903        8.0982236902893912E-002
                58800  0.78311123128959481        8.3263329296202462E-002
                59000  0.78590782583284757        8.3224103124783261E-002
                59200  0.85398895414086706        8.2195111565790790E-002
                59400  0.82374199447041196        8.2650298554881402E-002
                59600  0.87226109024436504        8.1882137067064015E-002
                59800  0.85906768875628281        8.2105750707848091E-002
                60000  0.83727856343794804        8.2400949273530893E-002
                60200  0.85171531639102771        8.2204513309390853E-002
                60400  0.91392420118291717        8.1216816798542951E-002
                60600  0.83873921527533479        8.2423202523385891E-002
                60800  0.81154500897016757        8.2839734822456781E-002
                61000  0.97469169768244779        8.0326129702510199E-002
                61200  0.88148719286837873        8.1770348448642505E-002
                61400  0.87836135316516206        8.1824276419781780E-002
                61600  0.85001847639205252        8.2254419035884041E-002
                61800  0.90138382840678555        8.1463301850614733E-002
                62000  0.85898658757389357        8.2089862150801399E-002
                62200  0.89910858892663836        8.1516735396411230E-002
                62400  0.89920700320997615        8.1496779901708880E-002
                62600  0.99188138396336589        8.0099004418921801E-002
                62800  0.97980711263755926        8.0272759495155374E-002
                63000  0.96004591624494895        8.0548266381392564E-002
                63200  0.90868629935804601        8.1389874575410789E-002
                63400  0.86996438167300705        8.1963865726453075E-002
                63600  0.93963716266719133        8.0846360510069479E-002
                63800  0.90155009573892808        8.1484896893805905E-002
                64000  0.95941046176021039        8.0585232553778419E-002
                64200  0.92083441775595243        8.1184244459601221E-002
                64400  0.94881416053937473        8.0760301601953438E-002
                64600  0.86397541752281914        8.2047886947502008E-002
                64800  0.90678226569294740        8.1392403825777851E-002
                65000  0.96815194760626566        8.0451566286288953E-002
                65200   1.0054416851768371        7.9885447235615789E-002
                65400  0.92332826225330455        8.1142890990831537E-002
                65600  0.93839153507412332        8.0911165984881850E-002
                65800  0.92835572573996439        8.1078356864720036E-002
                66000  0.99310582012082682        8.0088451268683372E-002
                66200  0.99742471194350402        8.0019677133367356E-002
                66400  0.93870307708825895        8.0924355965124137E-002
                66600  0.89746493118634130        8.1498354938705331E-002
                66800  0.82378076020057089        8.2676827359014743E-002
                67000  0.82220038878893453        8.2670649558612599E-002
                67200  0.91525199496822007        8.1228541936180274E-002
                67400  0.77032483041940736        8.3488957047144985E-002
                67600  0.92418418922867829        8.1096210115592676E-002
                67800  0.91914673559137805        8.1181429168951075E-002
                68000  0.86831549017328369        8.1974264414700168E-002
                68200  0.84646517745786098        8.2353736194195754E-002
                68400  0.94469015729030936        8.0764574618911664E-002
                68600  0.97804940002593865        8.0311877810080229E-002
                68800  0.83041025210602093        8.2535396704732464E-002
                69000  0.95460464690879865        8.0616313498839548E-002
                69200  0.88887558265378663        8.1636426826336442E-002
                69400  0.94157798394725656        8.0855525340040563E-002
                69600  0.88606380536071150        8.1708915824764056E-002
                69800  0.88192320098234878        8.1752006169424254E-002
                70000  0.85606483854675008        8.2146163503067929E-002
                70200  0.91129479968118898        8.1299425842691078E-002
                70400  0.89259812397353333        8.1611159801559030E-002
                70600  0.92640005089041555        8.1031280990243079E-002
                70800  0.96677551179180476        8.0430667011246182E-002
                71000  0.89609856281165190        8.1517101411000187E-002
                71200  0.88635510722193733        8.1647084019471919E-002
                71400  0.76889097628285719        8.3503796819600268E-002
                71600  0.88605297396916260        8.1669390732548919E-002
                71800  0.81097366668577842        8.2868270958535523E-002
                72000  0.91022089392053607        8.1324397843950097E-002
                72200  0.91588673408698240        8.1254107529050920E-002
                72400  0.83823648431817754        8.2415843339407324E-002
                72600  0.88112239682715676        8.1747612141337730E-002
                72800  0.84518926748460754        8.2292821972789074E-002
                73000  0.84106851620658596        8.2407334750425568E-002
                73200  0.91741865207635176        8.1191844036593838E-002
                73400  0.83734462444428015        8.2481318571302836E-002
                73600  0.91354283041218576        8.1281611588881655E-002
                73800  0.86601341548499766        8.2007296004670785E-002
                74000  0.85531861137636533        8.2191076174167432E-002
                74200  0.83799558153888232        8.2414725399629615E-002
                74400  0.82689020208513242        8.2615609098837792E-002
                74600  0.95185035153244524        8.0667727661938166E-002
                74800  0.89954753543589983        8.1492319530692858E-002
                75000  0.85666423947516179        8.2139546076643769E-002
                75200  0.85531544750148025        8.2182897557572854E-002
                75400  0.85762933312685352        8.2111740718158868E-002
                75600  0.89810059821700272        8.1524532486861756E-002
                75800  0.88660159583111953        8.1711962753870646E-002
                76000  0.95666089949566702        8.0605898615671440E-002
                76200  0.93240970940962431        8.0987802843633425E-002
                76400  0.87946670796211435        8.1807969814371440E-002
                76600  0.89962649072115763        8.1508874156531186E-002
                76800  0.91589172842125000        8.1264569839156281E-002
                77000  0.85727337664308800        8.2161279328511597E-002
                77200  0.84930610619205937        8.2261823100129014E-002
                77400  0.85677494164992041        8.2168729126558315E-002
                77600  0.93430397696005330        8.0957030314659575E-002
                77800  0.94309450007861528        8.0860880924311471E-002
                78000  0.89163689031060567        8.1587624363226183E-002
                78200  0.87966896648747195        8.1774172083508248E-002
                78400  0.81900081083727871        8.2775812525415993E-002
                78600  0.89622376412347005        8.1534608371324147E-002
                78800  0.85029838834786753        8.2261995631391249E-002
                79000  0.91639572910296330        8.1224511028377647E-002
                79200  0.93836069824778212        8.0916559447618108E-002
                79400  0.92738235163057647        8.1060812708370844E-002
                79600  0.89626693458323525        8.1523057178068944E-002
                79800  0.87590311693468337        8.1826568805082420E-002
                80000  0.91009525374430589        8.1339111825519131E-002
                80200  0.85803321585008807        8.2123465873374005E-002
                80400  0.85107616968796473        8.2205112704681824E-002
                80600  0.84325116377689591        8.2345648073721675E-002
                80800  0.96488592792445349        8.0440714279958511E-002
                81000  0.91193833633938826        8.1314701863770600E-002
                81200  0.86173555948896119        8.2053560684480789E-002
                81400  0.93065243545460286        8.1008417773749078E-002
                81600  0.91456559861220288        8.1250966410994094E-002
                81800  0.89766166611684095        8.1551365979857890E-002
                82000  0.94607626305526615        8.0793672448626730E-002
                82200  0.98926052445257895        8.0162069207835238E-002
                82400  0.94664566840566711        8.0817148570236946E-002
                82600  0.93072606524085344        8.1042343863933455E-002
                82800  0.92423564063466335        8.1149667279511034E-002
                83000  0.86418519928590309        8.2047792949167461E-002
                83200  0.91265203458906496        8.1310855221408185E-002
                83400  0.84409932312675584        8.2337369708662192E-002
                83600  0.88999154607413689        8.1628541183390982E-002
                83800  0.82351367317107649        8.2629299135010228E-002
                84000  0.80110470950194512        8.2963078058474443E-002
                84200  0.80162655360908741        8.2949446753511652E-002
                84400  0.80441562654752963        8.2919015822085454E-002
                84600  0.90869372801251491        8.1364639440564435E-002
                84800  0.87480167552780419        8.1848017933529582E-002
                85000  0.79857056086646216        8.3015561432092239E-002
                85200  0.83381549920741127        8.2527459952054710E-002
                85400  0.83048711577466960        8.2522505381967315E-002
                85600  0.92075891957813816        8.1154781205180687E-002
                85800  0.83838581411110702        8.2451712587023093E-002
                86000  0.90758585920798318        8.1385091830833547E-002
                86200  0.99894965957847792        7.9974865292036124E-002
                86400  0.88643669504247702        8.1707581808408550E-002
                86600  0.91551312965062526        8.1277344448658542E-002
                86800  0.94379029985537499        8.0825189282635684E-002
                87000  0.91094671031249130        8.1309862115688442E-002
                87200  0.81501916954601727        8.2804774820094018E-002
                87400  0.90331611526165001        8.1419619371098373E-002
                87600  0.89167837446828813        8.1631413743730008E-002
                87800  0.88864578827962704        8.1599632831410154E-002
                88000  0.92481196437500712        8.1071529539574083E-002
                88200  0.89324141464245754        8.1593687456972541E-002
                88400  0.92377209656652104        8.1120734443880349E-002
                88600  0.77050664732703156        8.3503549916853326E-002
                88800  0.79205219606971511        8.3148655993663625E-002
                89000  0.88265017161479076        8.1748405508715011E-002
                89200  0.85524292217237363        8.2188848580505375E-002
                89400  0.97508111505831740        8.0311661490814895E-002
                89600  0.92220536287984300        8.1133923926683366E-002
                89800  0.87714546849704245        8.1833892748772036E-002
                90000  0.94623898280043928        8.0787910707330032E-002
                90200  0.89995132383065535        8.1504773908906883E-002
                90400  0.88547498331516961        8.1710495919236931E-002
                90600  0.99735073048612510        7.9994633729944323E-002
                90800  0.87109590485282917        8.1924121240461889E-002
                91000  0.85775822750006170        8.2132088978349810E-002
                91200  0.89974944629407727        8.1489753153041397E-002
                91400  0.87265354217988511        8.1937443099778670E-002
                91600  0.88358300511027954        8.1728435359108662E-002
                91800  0.91770766565498096        8.1166871641005514E-002
                92000  0.99257755339975218        8.0064602694633030E-002
                92200  0.93895473829561582        8.0867809959053918E-002
                92400  0.91546631750248286        8.1252034057394354E-002
                92600  0.91231693183003360        8.1304730578224918E-002
                92800  0.75257437268101401        8.3755990343267805E-002
                93000  0.87036081864034220        8.1918511741668795E-002
                93200  0.96045720141564139        8.0547443180820549E-002
                93400  0.84321951115957483        8.2320813561229320E-002
                93600  0.90863172972744322        8.1322771838789970E-002
                93800  0.89169565591626676        8.1562366376632167E-002
                94000  0.92576505916646545        8.1088209003133002E-002
                94200  0.85641835894995633        8.2127785835953732E-002
                94400  0.88917016625366652        8.1654124432424813E-002
                94600  0.82117079590350495        8.2638225754845279E-002
                94800  0.80174195028202155        8.2967215673135253E-002
                95000  0.86178779451806942        8.2038336230141493E-002
                95200  0.87507108130371813        8.1801924745377452E-002
                95400  0.83486467741977677        8.2435657285103908E-002
                95600  0.83939980067550746        8.2408538576675142E-002
                95800  0.89904037126766034        8.1497921601049864E-002
                96000  0.91037411524456180        8.1308892981188277E-002
                96200  0.91060087136087364        8.1348101913986129E-002
                96400  0.86417917279802470        8.2037362903428987E-002
                96600  0.92485961394183636        8.1090354851825336E-002
                96800  0.94198742154119941        8.0851915489613707E-002
                97000   1.0011555123432130        7.9915338887490014E-002
                97200  0.94050571336375388        8.0857762578959103E-002
                97400  0.88053468202163954        8.1802608692311388E-002
                97600  0.93790709163030006        8.0894273852149812E-002
                97800  0.82684497360372011        8.2578419743986123E-002
                98000  0.87096729312089660        8.1917266970312971E-002
                98200  0.85691724439198746        8.2162146554792939E-002
                98400  0.94923041522897011        8.0703408072563598E-002
                98600  0.90323505447682917        8.1430312266414076E-002
                98800  0.87917696673204360        8.1808716910339654E-002
                99000  0.96816365207491872        8.0485903392792213E-002
                99200  0.87165284747843319        8.1915074828900050E-002
                99400  0.89214875606028632        8.1592650781934173E-002
                99600  0.88485752079359425        8.1715430798779784E-002
                99800  0.93648090944344575        8.0933490677903314E-002
               100000  0.87042418331725813        8.1915472957848151E-002
               100200  0.94873310952643841        8.0720468769003212E-002
               100400  0.85785767454106421        8.2138847039204196E-002
               100600  0.92733616972579225        8.1037184136452764E-002
               100800  0.94356330902055563        8.0829766688563343E-002
               101000  0.92933353029943888        8.1052666767816056E-002
               101200  0.94960855148031864        8.0713227306997107E-002
               101400  0.86381891169746439        8.2048861794898148E-002
               101600  0.99217049562180781        8.0079128065964636E-002
               101800  0.91659960915068284        8.1213681025605472E-002
               102000  0.91553998268725512        8.1208930338609014E-002
               102200  0.91430689879562899        8.1214598364499235E-002
               102400  0.82375614904288752        8.2629969137991366E-002
               102600  0.90268909471466263        8.1435481504608956E-002
               102800  0.89120812373274327        8.1582448182055858E-002
               103000  0.89785060657549010        8.1504482746508566E-002
               103200  0.92163110407609172        8.1142411107572157E-002
               103400  0.84945235285574627        8.2255621163084408E-002
               103600  0.84644110373963699        8.2312199133811395E-002
               103800  0.89997438483055603        8.1472790409103338E-002
               104000  0.95979134990946302        8.0575106968377344E-002
               104200  0.86990011113584365        8.1927952734961396E-002
               104400  0.95176644039194114        8.0663701087161643E-002
               104600  0.89368875623278032        8.1565440193569400E-002
               104800  0.94615015108179312        8.0782072546530442E-002
               105000  0.98111800474761268        8.0250379156915574E-002
               105200  0.94336215659319655        8.0838272899997510E-002
               105400  0.88557180964936355        8.1703934145248139E-002
               105600  0.85224607968919375        8.2203437571795102E-002
               105800  0.94717801620933229        8.0764036731735711E-002
               106000  0.86327832260867654        8.2043518881021640E-002
               106200  0.96989885771309903        8.0423431705860096E-002
               106400  0.96420789243500493        8.0447925171117513E-002
               106600  0.95719581902236783        8.0607804876606640E-002
               106800  0.91057922404265068        8.1327747715673637E-002
               107000  0.98909489123079741        8.0090341558033781E-002
               107200  0.89399084351448832        8.1506914775342151E-002
               107400  0.78575639370499573        8.3223797593724391E-002
               107600  0.93966372822371325        8.0895659784508953E-002
               107800  0.94410917436405306        8.0778701383677681E-002
               108000  0.88254955497690069        8.1739875889404331E-002
               108200  0.83749242931486867        8.2451822963604648E-002
               108400  0.86801696147134999        8.1946460692343751E-002
               108600  0.91132845979297028        8.1313149217410605E-002
               108800  0.87089881686260417        8.1960404894097991E-002
               109000  0.84746908757215422        8.2312576413310509E-002
               109200  0.87755305583438981        8.1810071522858754E-002
               109400  0.87005243397372545        8.1928607976307688E-002
               109600  0.90790640041723913        8.1341129923771627E-002
               109800  0.84718575739152402        8.2278132613000834E-002
               110000  0.93983523090000098        8.0860744273472868E-002
               110200  0.81920565239414334        8.2731743833515572E-002
               110400  0.84990624034276596        8.2260741341130858E-002
               110600  0.92389127998174292        8.1127250897855024E-002
               110800  0.86293685481852811        8.2008926254860892E-002
               111000  0.84083226010971412        8.2351291052970912E-002
               111200  0.82629833794686502        8.2578901035247732E-002
               111400  0.84182989272647069        8.2370131622652679E-002
               111600  0.83036304521621662        8.2542050803702027E-002
               111800  0.84583801314361462        8.2298084582592010E-002
               112000  0.88282409110626670        8.1777113383590991E-002
               112200  0.88470408101328024        8.1665661442980472E-002
               112400  0.82979849468061562        8.2556076248560345E-002
               112600  0.83403550738539478        8.2496326263341344E-002
               112800  0.93741463898629340        8.0991532930602586E-002
               113000  0.83280279631178789        8.2519467358631429E-002
               113200  0.82673809042038438        8.2589200622908698E-002
               113400  0.81436631362363321        8.2765208922709207E-002
               113600  0.93056423737386373        8.1022479344798767E-002
               113800  0.83972877649031263        8.2424652906371243E-002
               114000  0.85747253447901395        8.2128578944682021E-002
               114200  0.86326968393006120        8.2030639795200117E-002
               114400  0.90421446321104648        8.1401291031522383E-002
               114600  0.83939741112079258        8.2424663500062834E-002
               114800  0.88448283466939714        8.1732195057909102E-002
               115000  0.84964870929889358        8.2197354374340004E-002
               115200  0.88600051013493575        8.1715417294246931E-002
               115400  0.80634674120630445        8.2910614143907033E-002
               115600  0.87103569120637792        8.1948648789723813E-002
               115800  0.87920285978135759        8.1806406362394779E-002
               116000  0.88159273281548522        8.1782370970757662E-002
               116200  0.75579414722946048        8.3687105943401022E-002
               116400  0.97738404622068908        8.0284694529047018E-002
               116600  0.87110624446158169        8.1979860909000848E-002
               116800  0.80081849928033455        8.3022406915487665E-002
               117000  0.84776806507521718        8.2294416472671605E-002
               117200  0.83800289307495335        8.2406924098724896E-002
               117400  0.85813441829032155        8.2179092637741785E-002
               117600  0.87173102932217206        8.1958823764349903E-002
               117800  0.97581241807968699        8.0334920585548059E-002
               118000  0.92211795075410696        8.1173069865686120E-002
               118200  0.91352126068090078        8.1284577229378527E-002
               118400  0.87339226921897017        8.1898717448316533E-002
               118600  0.88316174632058264        8.1781852684703601E-002
               118800  0.91040708092821165        8.1332556462960032E-002
               119000  0.90163898303869039        8.1491422670421976E-002
               119200  0.96512353053997457        8.0506973476319507E-002
               119400  0.80854995106937011        8.2891830218463941E-002
               119600  0.87337186575100856        8.1886573097829429E-002
               119800   1.0199474457232416        7.9705194269947793E-002
               120000  0.91991108271552890        8.1222232644354575E-002
               120200  0.91585976167201888        8.1266653830246283E-002
               120400  0.92515321762023817        8.1094633995645107E-002
               120600  0.80127132758926156        8.3027925435250421E-002
               120800  0.86870610810986348        8.1953394069616686E-002
               121000  0.88524180529320973        8.1728175147652043E-002
               121200  0.92087552768176539        8.1145271413726919E-002
               121400  0.94118544211822974        8.0888958563131066E-002
               121600  0.85414035138587052        8.2218586338743641E-002
               121800  0.90886297729923926        8.1394684470189910E-002
               122000  0.97452994586434438        8.0363558293266787E-002
               122200  0.94023069907246526        8.0911310530526720E-002
               122400  0.90146777797439404        8.1505210503825670E-002
               122600  0.93835399423746346        8.0913564603373248E-002
               122800  0.90605152622084673        8.1406707239485565E-002
               123000  0.92705975011669672        8.1095605634147028E-002
               123200  0.90925717396624384        8.1408576811164063E-002
               123400  0.88074378819683485        8.1831038119097643E-002
               123600  0.94496771363479826        8.0846653501551125E-002
               123800  0.99272536676838685        8.0119296614569568E-002
               124000   1.0450265650609980        7.9273953907821007E-002
               124200  0.93203900086860381        8.1039976534690014E-002
               124400  0.93520518674815967        8.0982415786572559E-002
               124600   1.0031392129223593        7.9936442508206002E-002
               124800  0.91852219505233845        8.1247244835383509E-002
               125000  0.90632527239981608        8.1410185315552080E-002
               125200  0.79524131279445132        8.3115864489797131E-002
               125400  0.84990501504973137        8.2280847141745564E-002
               125600  0.95997218818011465        8.0596314157204085E-002
               125800  0.90800124708603924        8.1392297908267908E-002
               126000  0.93050649767275695        8.1051474335042770E-002
               126200  0.89690551226118920        8.1502250244677721E-002
               126400  0.88078563373038299        8.1789490408123874E-002
               126600  0.84381848070953613        8.2389002162120972E-002
               126800  0.94754075467238197        8.0707087479158793E-002
               127000  0.86253265005708768        8.2012680693096571E-002
               127200  0.84902156896652714        8.2262002813890053E-002
               127400  0.83863193469303821        8.2435751325988391E-002
               127600  0.89533898267757805        8.1582679974392808E-002
               127800  0.91862579161576130        8.1218380870839171E-002
               128000  0.98954780902938089        8.0124537203205268E-002
               128200  0.80534286767471064        8.2953274855732465E-002
               128400  0.96600088548585195        8.0501904817234599E-002
               128600  0.96457985855135875        8.0505259350759681E-002
               128800  0.88182718724945142        8.1773447613365829E-002
               129000  0.87960749836676366        8.1844253273905931E-002
               129200  0.91910572478560537        8.1211654526575541E-002
               129400  0.86444991939042004        8.2042113370063938E-002
               129600  0.90709317365414943        8.1401780607828142E-002
               129800  0.90003440551210989        8.1508631788617031E-002
               130000  0.91436270502133010        8.1302301872018104E-002
               130200  0.89145675238896138        8.1622136997879957E-002
               130400  0.84482344359067763        8.2370793088954300E-002
               130600  0.94395531915570041        8.0844001557003844E-002
               130800  0.90117730556152065        8.1486096758771859E-002
               131000  0.83847289707620909        8.2478556344837473E-002
               131200  0.92194550041187595        8.1185973751352697E-002
               131400  0.84470102352644849        8.2338149488072707E-002
               131600  0.91276155860622854        8.1351732354595349E-002
               131800  0.85636124217132592        8.2214692668275191E-002
               132000  0.81304522365656740        8.2854730146774774E-002
               132200  0.81749520652084062        8.2757858271467671E-002
               132400  0.86860837206736052        8.1993120227656965E-002
               132600  0.83957539745885024        8.2399764500466613E-002
               132800  0.82134819191186437        8.2721062358214664E-002
               133000  0.89539721784100645        8.1549989046671087E-002
               133200  0.83177890471126958        8.2527890616367353E-002
               133400  0.80007358186184907        8.3037891772507061E-002
               133600  0.83543482849580519        8.2510532079945756E-002
               133800  0.76420379270851069        8.3595115070210141E-002
               134000  0.80968131298580581        8.2909178621769483E-002
               134200  0.81551966825462796        8.2778084254314696E-002
               134400  0.83263539479184823        8.2490581861087958E-002
               134600  0.86025457899089286        8.2095478858465618E-002
               134800  0.90996447406407222        8.1374195802864022E-002
               135000  0.84777279949798701        8.2309250873615888E-002
               135200  0.86813719696570446        8.2008230515847116E-002
               135400  0.82509252818059931        8.2666042751891586E-002
               135600  0.92916955320856021        8.1078471278257430E-002
               135800  0.89825868113642060        8.1526533556156605E-002
               136000  0.91102857104975254        8.1348975535690010E-002
               136200  0.80442117099045574        8.2978237574369992E-002
               136400  0.88912170030707938        8.1658034629779150E-002
               136600  0.88546870945688738        8.1717631103236543E-002
               136800  0.87582220948953804        8.1916515110203841E-002
               137000  0.94525900181028955        8.0829710812463373E-002
               137200  0.99733257890463112        8.0038882771356831E-002
               137400  0.89822138036711840        8.1563083605879522E-002
               137600  0.89939423467998514        8.1539287489144449E-002
               137800  0.78760452367853451        8.3263389120295447E-002
               138000  0.89967286392364698        8.1494460798665444E-002
               138200  0.90763294138887995        8.1406033561532878E-002
               138400  0.95056469342451921        8.0755257366419822E-002
               138600  0.97580603331312399        8.0382725184035247E-002
               138800  0.90187032994161975        8.1546552699277020E-002
               139000  0.98671287574584543        8.0197188360086200E-002
               139200  0.95861342856000309        8.0639077283807037E-002
               139400  0.93252000990528117        8.1017576547785089E-002
               139600  0.91703101847683133        8.1247865757205689E-002
               139800  0.84682785432642593        8.2310199909079354E-002
               140000  0.83916320464647243        8.2469001987865553E-002
               140200  0.91880060571923838        8.1204229004754061E-002
               140400  0.84804315722371126        8.2314852347512402E-002
               140600  0.80677822814140976        8.2915717604867961E-002
               140800  0.90640380340205662        8.1383812844085052E-002
               141000  0.83820308674455224        8.2463922911278395E-002
               141200  0.88863681128983729        8.1682139268469831E-002
               141400  0.81078483688440139        8.2891085270964143E-002
               141600  0.79943363554232005        8.3079904640739430E-002
               141800  0.83320070738749519        8.2529521150937951E-002
               142000  0.85003278769173529        8.2267146454017420E-002
               142200  0.84105955549787337        8.2395439389375033E-002
               142400  0.86223013312361219        8.2092686501916881E-002
               142600  0.92656334974231502        8.1089166295154516E-002
               142800  0.85820768576608597        8.2151465240854857E-002
               143000  0.92448036540550105        8.1159049820958798E-002
               143200  0.90817543296957370        8.1393702956069292E-002
               143400  0.85226153300238239        8.2234232683673858E-002
               143600  0.89737718191867921        8.1548744329832390E-002
               143800  0.89426663642948234        8.1640671461466571E-002
               144000  0.95677193517739401        8.0666766759193334E-002
               144200  0.95519045003902625        8.0694957861613681E-002
               144400  0.89825364922296980        8.1574281994756095E-002
               144600  0.98698441519492308        8.0162193482793215E-002
               144800  0.89599404840420016        8.1551080185099947E-002
               145000  0.86647009052991408        8.2032699002114878E-002
               145200  0.87711491481190340        8.1839714830734003E-002
               145400  0.92155168634521700        8.1176409843799383E-002
               145600  0.89820083127496730        8.1535643656385395E-002
               145800  0.93119622354405784        8.1019940035244473E-002
               146000  0.88047425488295139        8.1837992345468888E-002
               146200  0.88853592134010928        8.1695159646400034E-002
               146400  0.84593240784117318        8.2328541492618729E-002
               146600  0.88597039569304681        8.1735027094275728E-002
               146800  0.92179559242567144        8.1187072588991327E-002
               147000  0.87409375073797402        8.1927199981954080E-002
               147200  0.90283630652488034        8.1465892087844743E-002
               147400  0.86666757224463520        8.2025608397648858E-002
               147600  0.77829122865507383        8.3421993349646492E-002
               147800  0.96436784597580560        8.0499079588072828E-002
               148000  0.80929011783363536        8.2924903190013624E-002
               148200  0.86651638046703638        8.2040471823273217E-002
               148400  0.79311942055830353        8.3157234013599049E-002
               148600  0.94519506793950103        8.0835360167343578E-002
               148800  0.98350627347460795        8.0208847202830003E-002
               149000  0.93968776449586167        8.0902235849954096E-002
               149200  0.93532118324433966        8.0988998388959232E-002
               149400  0.92684981340961925        8.1152765293311169E-002
               149600  0.94613975853182752        8.0818713268857340E-002
               149800  0.95992664066823408        8.0565927701482673E-002
               150000  0.85515903014838590        8.2237530922246976E-002
               150200  0.96654921706512897        8.0479913685503321E-002
               150400  0.87448081770369568        8.1882243655857070E-002
               150600  0.90411219244793983        8.1471603345626267E-002
               150800  0.81870275801142967        8.2770496428827459E-002
               151000  0.91325264945643958        8.1295365019256410E-002
               151200  0.85353509546301176        8.2235766942252791E-002
               151400  0.90310935668147485        8.1478921175581337E-002
               151600  0.93445611012052177        8.1006984668962639E-002
               151800  0.93406131252839730        8.1002408257969130E-002
               152000  0.93379895599437135        8.0999483305739597E-002
               152200  0.88954112489726644        8.1697932613205140E-002
               152400  0.80237725453344888        8.3006118613163121E-002
               152600  0.85142758152692233        8.2282897528103735E-002
               152800  0.84770199049789430        8.2319340260426019E-002
               153000  0.85905080034679748        8.2188062900424325E-002
               153200  0.90770574016598027        8.1408018295322182E-002
               153400  0.98849708657844604        8.0173708195298607E-002
               153600  0.90973363058692314        8.1380349915708777E-002
               153800  0.85831588813411597        8.2159791153661704E-002
               154000  0.84518424028189598        8.2341784863724177E-002
               154200  0.82965777850320221        8.2593463333060321E-002
               154400  0.97212054410417981        8.0406568674052339E-002
               154600  0.96111090784033837        8.0554239893939394E-002
               154800  0.91592471690554056        8.1289839714798265E-002
               155000  0.88951727772308786        8.1668932300989802E-002
               155200  0.92897898753630459        8.1076845477578416E-002
               155400  0.96573503963514284        8.0519439917035238E-002
               155600  0.93415561234013123        8.0981148870119063E-002
               155800  0.89923137489352356        8.1519545953330289E-002
               156000  0.89268921095728992        8.1655720364207540E-002
               156200  0.91048439994929387        8.1375405548043095E-002
               156400  0.79781236698978286        8.3091999892818832E-002
               156600  0.86703473365923323        8.1985572489324324E-002
               156800  0.94681386522123623        8.0782038304994974E-002
               157000  0.85493348415103776        8.2220494195513000E-002
               157200  0.87432308070101483        8.1930783703661123E-002
               157400  0.91683453877008236        8.1272296104371713E-002
               157600  0.87347806428673780        8.1946092916558785E-002
               157800  0.88463810558837286        8.1775160568007640E-002
               158000  0.92155165351860968        8.1184982270268935E-002
               158200  0.92286212797663170        8.1158155505739779E-002
               158400  0.86779389102748739        8.2004597667114668E-002
               158600  0.80414734663763154        8.2988457583237835E-002
               158800  0.84516649623765627        8.2354302940237545E-002
               159000  0.89405176353348226        8.1607951210315513E-002
               159200  0.90736984992079439        8.1412112790617330E-002
               159400  0.86720679125378697        8.2011387387457946E-002
               159600  0.87727417300494781        8.1876150279286922E-002
               159800  0.95047745111607940        8.0729572037688213E-002
               160000  0.89584446642077065        8.1568541662199789E-002
               160200  0.96703794960464795        8.0494402444459476E-002
               160400  0.90255375030689355        8.1506328599851893E-002
               160600  0.91715464766996890        8.1285413212215593E-002
               160800   1.0633899948800296        7.9028674869292645E-002
               161000  0.88573836256603922        8.1743539291232500E-002
               161200  0.85036058810681847        8.2293690911658987E-002
               161400  0.96248487150904494        8.0567249462616605E-002
               161600  0.91134812311058211        8.1354384039179120E-002
               161800  0.85187861582022439        8.2255754153418723E-002
               162000  0.94605724939097058        8.0846291133701981E-002
               162200  0.94858909887764187        8.0820789566059800E-002
               162400  0.91513811633009723        8.1301950459492900E-002
               162600  0.80736944355886853        8.2974684126433801E-002
               162800  0.88888289883421556        8.1705264260695964E-002
               163000  0.88988159325498506        8.1645726138456901E-002
               163200  0.79052149105946923        8.3214730461795880E-002
               163400  0.91751043366811835        8.1258306970579855E-002
               163600  0.85661732338288021        8.2207575550455936E-002
               163800  0.78206002650354989        8.3325808366740028E-002
               164000  0.86845957003528473        8.1988223464100826E-002
               164200  0.86292917217596421        8.2091773553065905E-002
               164400  0.86885200134020069        8.2000773483543926E-002
               164600  0.89986729858430292        8.1536959951724455E-002
               164800  0.85522427737078222        8.2218001661148288E-002
               165000  0.93619748264748504        8.0972641869254097E-002
               165200  0.86677968324786514        8.2025393890135564E-002
               165400  0.84619890177270440        8.2347947574975017E-002
               165600  0.88565696811312289        8.1752364535547947E-002
               165800  0.94934108789484961        8.0785110985764907E-002
               166000  0.89892002976953334        8.1530390375950043E-002
               166200  0.91679867438976681        8.1253494132333418E-002
               166400  0.87910712698114257        8.1859834509613913E-002
               166600  0.88754378269132517        8.1714026203706672E-002
               166800  0.79680589198254126        8.3098973259262993E-002
               167000  0.89756957218245759        8.1559856221546698E-002
               167200  0.85354242990488538        8.2246181516097500E-002
               167400  0.94624760406687392        8.0792917457493188E-002
               167600  0.98282730978114674        8.0256505078210250E-002
               167800  0.80781010901495465        8.2955457680438938E-002
               168000  0.81540711435218949        8.2791966258719207E-002
               168200  0.97152261143088048        8.0436622658835499E-002
               168400  0.86154095342730408        8.2096947545689553E-002
               168600  0.93329356465906921        8.0989098844077789E-002
               168800  0.90511882934125787        8.1429673293332297E-002
               169000  0.83625699126665121        8.2503293609892364E-002
               169200  0.90787405079853067        8.1381228831903768E-002
               169400  0.88423601758457571        8.1765751765005251E-002
               169600  0.89567215626205798        8.1603633410258794E-002
               169800  0.97965153139800865        8.0282993833911354E-002
               170000  0.86619598926276919        8.2043888617385000E-002
               170200  0.85725707398234685        8.2158747111602717E-002
               170400  0.86346243311231563        8.2086759953579641E-002
               170600  0.98660508843260020        8.0183387413517937E-002
               170800  0.86810568388525478        8.2007430562451036E-002
               171000  0.81205637487569338        8.2894519427587895E-002
               171200  0.79409363374696895        8.3143309515341546E-002
               171400  0.93750132360378224        8.0945859617344379E-002
               171600  0.80470479040225340        8.2939469464252361E-002
               171800  0.87997131428761655        8.1779072626859711E-002
               172000  0.82756299733922922        8.2620364804709356E-002
               172200  0.80645265962225621        8.2920258596004270E-002
               172400  0.86373992619581652        8.2082039516468461E-002
               172600  0.80210526048716457        8.3033117863491185E-002
               172800  0.90605499471916029        8.1389875338091638E-002
               173000  0.93350911214059085        8.1015060898199348E-002
               173200  0.89346847710798161        8.1606458995343592E-002
               173400  0.91235750996200882        8.1285438692643167E-002
               173600  0.79476842752974097        8.3111355813406174E-002
               173800  0.86232021649985990        8.2050713315372184E-002
               174000  0.81879893911350610        8.2725091278553764E-002
               174200  0.90480015578357387        8.1429056137841807E-002
               174400  0.93913605683304313        8.0896747011648340E-002
               174600  0.79449123311598946        8.3112668426490038E-002
               174800  0.99352343193059600        8.0080341293176913E-002
               175000  0.89109361287028033        8.1634042825461509E-002
               175200  0.84865130900304053        8.2287857839708198E-002
               175400  0.91687343930013543        8.1254038359199629E-002
               175600  0.90922915373086710        8.1377516601522981E-002
               175800  0.89467847445577431        8.1602216402291233E-002
               176000  0.82339877573739750        8.2682519894754919E-002
               176200  0.88535555440942160        8.1731030698072263E-002
               176400  0.88416830794077383        8.1745650107478723E-002
               176600  0.76936116332399518        8.3514562279564164E-002
               176800  0.93389981501169661        8.0968604627081775E-002
               177000  0.94961242584414773        8.0745607389901233E-002
               177200  0.90920006183874325        8.1369235548913621E-002
               177400  0.84255957533495629        8.2393164669172722E-002
               177600  0.83806438194831923        8.2461214408806591E-002
               177800  0.90345403120542644        8.1443859549142586E-002
               178000  0.81918238037006519        8.2737801410602940E-002
               178200  0.96397527102149694        8.0507641076330100E-002
               178400   1.0072547026582035        7.9853328990803066E-002
               178600  0.90533268521182342        8.1417699544188274E-002
               178800  0.91220171655328874        8.1306355269559219E-002
               179000  0.96668625223642035        8.0457190656124028E-002
               179200  0.88851954592581706        8.1676475995370798E-002
               179400  0.88575763465373081        8.1730638209566539E-002
               179600  0.85119525078106884        8.2235012331100865E-002
               179800  0.83275610762711594        8.2512506660943091E-002
               180000   1.0011439716371862        7.9967523176324454E-002
               180200  0.87584679882440131        8.1873276781682297E-002
               180400  0.95210868838891105        8.0718115239795607E-002
               180600  0.85800213855337748        8.2166340268756258E-002
               180800  0.91281921047843662        8.1300037800266817E-002
               181000  0.99713636088129687        8.0005502890126784E-002
               181200  0.94551575763052254        8.0829495793294459E-002
               181400  0.97188171386159483        8.0406693738028459E-002
               181600  0.93141139907586723        8.1099089227503182E-002
               181800  0.93495891498959738        8.0964860629722302E-002
               182000  0.87875393615110042        8.1828554213525223E-002
               182200  0.94835496987769130        8.0773280177812795E-002
               182400  0.91986880574242091        8.1174248948457303E-002
               182600  0.86263773136135413        8.2090887946357424E-002
               182800  0.95037602087581852        8.0753171906552013E-002
               183000   1.0000340391532467        7.9974475729185923E-002
               183200  0.86681681430800006        8.2002841862907516E-002
               183400  0.91238187218995237        8.1333974174850485E-002
               183600  0.91294622927729585        8.1274988461878736E-002
               183800  0.86746544103545242        8.1982170612998936E-002
               184000  0.88442471383565247        8.1719945991267737E-002
               184200  0.82668415451703059        8.2637046754417104E-002
               184400  0.89136701599166879        8.1618160439187293E-002
               184600  0.89866310091929735        8.1506642691542980E-002
               184800  0.89299578367915600        8.1589841770021154E-002
               185000  0.91366713671623001        8.1269972883581329E-002
               185200  0.94674149753499914        8.0823690699162287E-002
               185400  0.99854654227187689        7.9993188782395697E-002
               185600  0.89353069339937430        8.1590299074216929E-002
               185800  0.95611344210619087        8.0631035536418816E-002
               186000  0.95916830768449268        8.0610549043673360E-002
               186200  0.96174441973874458        8.0574064444946067E-002
               186400  0.97246591408267380        8.0399769504458957E-002
               186600  0.95838119533019983        8.0623031277187132E-002
               186800  0.92528675996593446        8.1129834170802384E-002
               187000  0.92837243257976776        8.1038060317884311E-002
               187200  0.90840524865368477        8.1347054797586582E-002
               187400  0.89177925628907073        8.1600428806592726E-002
               187600  0.91983060797086447        8.1204269339423318E-002
               187800  0.86706749523436577        8.1982633601647870E-002
               188000  0.82840101950975353        8.2584314505822501E-002
               188200  0.92332217434817587        8.1146570229120932E-002
               188400  0.93988414179077739        8.0884038281904824E-002
               188600  0.85440997886093784        8.2188136070700371E-002
               188800  0.85542669410600369        8.2190067142132589E-002
               189000  0.81126107165756955        8.2876350380918659E-002
               189200  0.90114400041486287        8.1488547038994164E-002
               189400  0.80586231682459541        8.2942901353394466E-002
               189600  0.89513089585492134        8.1551940509706641E-002
               189800  0.94146607769008883        8.0818225068173863E-002
               190000  0.78326005242253105        8.3298277968204437E-002
               190200  0.90262284026068096        8.1451657710235034E-002
               190400  0.85571998991460396        8.2183363841614426E-002
               190600  0.91739397576774784        8.1195148503463307E-002
               190800  0.94914468839339705        8.0736147789145007E-002
               191000  0.85794518330846714        8.2141153730916419E-002
               191200  0.94817136684870507        8.0719635895712016E-002
               191400  0.84966413720305478        8.2277293025262141E-002
               191600  0.87736138304731870        8.1820522474638849E-002
               191800  0.91810310618064417        8.1215739229195963E-002
               192000  0.94238476764900136        8.0829829143681670E-002
               192200  0.93742889726033019        8.0929580247617858E-002
               192400  0.88227553295469952        8.1774238558106102E-002
               192600  0.91975897328418454        8.1208498442952595E-002
               192800  0.94585525811160831        8.0769833420524656E-002
               193000  0.88253603512214018        8.1760070220263228E-002
               193200  0.93683493762938141        8.0903055355863257E-002
               193400  0.88425874484653666        8.1735535702697537E-002
               193600  0.91499797971420638        8.1256356360664236E-002
               193800  0.80824619600705361        8.2920077487376481E-002
               194000  0.87607783377560811        8.1860403619795200E-002
               194200  0.86619440699191297        8.2010311483861717E-002
               194400  0.86208756083092941        8.2072015069183948E-002
               194600  0.93440590314210548        8.0981909764482413E-002
               194800  0.89347812324400855        8.1603817852193561E-002
               195000  0.88169615159372561        8.1802038081245199E-002
               195200  0.89936176880286156        8.1476553858599365E-002
               195400  0.94533323309454009        8.0781080129727678E-002
               195600  0.97957369748645629        8.0283671585423835E-002
               195800  0.89879524604014271        8.1492920198084601E-002
               196000  0.92532728566380629        8.1125805625214334E-002
               196200  0.92615280700244174        8.1085312562661258E-002
               196400  0.91920651503328654        8.1208207938538363E-002
               196600  0.90952104933448141        8.1361690056727790E-002
               196800  0.86339729554342892        8.2026958136248163E-002
               197000  0.93566608750722025        8.0968865910870880E-002
               197200  0.79394280468789469        8.3118627529169972E-002
               197400  0.83194135571655092        8.2524668461232506E-002
               197600  0.82583841663462709        8.2613687597993465E-002
               197800  0.73943759413277244        8.3908279227502075E-002
               198000  0.83686726043868853        8.2471717881858239E-002
               198200  0.88014149737214531        8.1814520744550243E-002
               198400  0.85258587843266520        8.2236632800922971E-002
               198600  0.88011458723703961        8.1827901266918870E-002
               198800  0.92659565187237491        8.1093297928799712E-002
               199000  0.91002687198346488        8.1356068874001208E-002
               199200  0.91256061689904011        8.1286370844327202E-002
               199400  0.88810004518309782        8.1669807170485498E-002
               199600  0.88449329449886871        8.1726872368034859E-002
               199800  0.84741490442155609        8.2306557871695246E-002
               200000  0.83859649780987466        8.2456641009086576E-002
