                  200   204.95442796030773        8.3368055669940697E-002
                  400   205.05194096320290        8.1923326663088603E-002
                  600   205.11284533014762        8.0985277709359690E-002
                  800   205.13380781775342        8.0710067420335263E-002
                 1000   205.22276172312897        7.9385786085710938E-002
                 1200   205.23894765724535        7.9113734933012728E-002
                 1400   205.12375219824094        8.0890453034097989E-002
                 1600   205.14389811535440        8.0580484381121198E-002
                 1800   205.18744689974343        7.9961935207425755E-002
                 2000   205.32181206716123        7.7872783316695601E-002
                 2200   205.31323296098560        7.7986844106161884E-002
                 2400   205.17141337267350        8.0171700818918237E-002
                 2600   205.16577332557691        8.0228259882881625E-002
                 2800   205.08768418659457        8.1407525127505098E-002
                 3000   205.11449113019316        8.1009839424751345E-002
                 3200   204.98987805585756        8.2884740941577328E-002
                 3400   205.05867968494957        8.1861534320073440E-002
                 3600   205.08560710040251        8.1400782891649023E-002
                 3800   205.11652429906829        8.0984160032304700E-002
                 4000   205.03226971987192        8.2294695474603538E-002
                 4200   205.06538413582044        8.1822073165897388E-002
                 4400   205.04832789791874        8.2044888775121172E-002
                 4600   205.01544941918894        8.2577676725402852E-002
                 4800   205.16677195097245        8.0233142611894043E-002
                 5000   205.16930625279062        8.0185214717577849E-002
                 5200   205.14253729552340        8.0612240858205120E-002
                 5400   205.11755111363064        8.0920454072333975E-002
                 5600   205.07520395972949        8.1665913692098566E-002
                 5800   205.13395294159872        8.0739279660168473E-002
                 6000   205.13269677558668        8.0814634117178846E-002
                 6200   205.14756430119351        8.0539349144695863E-002
                 6400   205.06242884210752        8.1859765274274118E-002
                 6600   205.04394065969211        8.2106831765831834E-002
                 6800   205.09182511118280        8.1421724289999955E-002
                 7000   205.10068593379808        8.1238942911724690E-002
                 7200   205.05979521513763        8.1859419046303977E-002
                 7400   205.13538567054317        8.0698940906829872E-002
                 7600   205.15700739090852        8.0419171671305051E-002
                 7800   205.18729011865045        7.9937726802376707E-002
                 8000   205.13599397204342        8.0734212578987052E-002
                 8200   205.00006759188057        8.2784746390687128E-002
                 8400   205.08028189445631        8.1535015741200798E-002
                 8600   205.11980202133410        8.0977681271337185E-002
                 8800   205.18909458241470        7.9892374505465449E-002
                 9000   205.12714950631627        8.0867695165698361E-002
                 9200   205.18106100855360        7.9987692145213382E-002
                 9400   205.19460627080741        7.9779881195142621E-002
                 9600   205.26583935687194        7.8740441851118281E-002
                 9800   205.19664218817937        7.9770951605571058E-002
                10000   205.18326273217505        7.9965712307025177E-002
                10200   205.05334328872701        8.1963763423163666E-002
                10400   205.09345865567059        8.1375631735630519E-002
                10600   205.24360644289393        7.9040337748534473E-002
                10800   205.13819494060567        8.0663581960272290E-002
                11000   205.16788117841577        8.0241509611054918E-002
                11200   205.16437439228343        8.0266223345142246E-002
                11400   205.09069390476000        8.1406541945597863E-002
                11600   205.12546174288917        8.0878995907802093E-002
                11800   205.08785492476483        8.1431249258693883E-002
                12000   204.95008638413728        8.3527034111922097E-002
                12200   205.06073003172173        8.1834038214644300E-002
                12400   205.11039041277436        8.1089314526795242E-002
                12600   205.06417751991705        8.1776751257360641E-002
                12800   205.05739119037827        8.1885874530636116E-002
                13000   205.18850605071088        7.9885069261476191E-002
                13200   205.07850783503008        8.1653267739767915E-002
                13400   205.17210602290595        8.0152950663229999E-002
                13600   205.09547075236972        8.1356241070317997E-002
                13800   205.13198405387527        8.0796654261505924E-002
                14000   205.08332922742312        8.1531363746878180E-002
                14200   205.18377460009660        7.9981684169624617E-002
                14400   205.13836879927658        8.0707020093968074E-002
                14600   205.20419434221716        7.9678052104718955E-002
                14800   205.20649980118915        7.9579343707008088E-002
                15000   205.04617102636894        8.2111690112360969E-002
                15200   205.10195160760611        8.1205916754432422E-002
                15400   205.15497125018163        8.0413748255127412E-002
                15600   205.09545992031673        8.1384136155093947E-002
                15800   204.95209242356725        8.3553887441906297E-002
                16000   205.09423100160194        8.1353168216450847E-002
                16200   205.16446552683965        8.0325731183204935E-002
                16400   205.14323555599393        8.0631715757182434E-002
                16600   205.17706304351574        8.0149633007726193E-002
                16800   205.19712624950563        7.9825681752195871E-002
                17000   205.22614577230152        7.9380635799784535E-002
                17200   205.21484135891589        7.9530979756410922E-002
                17400   205.17184683184590        8.0221704324475424E-002
                17600   205.10838106806409        8.1207133469774470E-002
                17800   205.11367073832614        8.1059663569601037E-002
                18000   205.11304799192098        8.1103545289082049E-002
                18200   205.25125804480106        7.8947163948038412E-002
                18400   205.09758233202299        8.1306551754377510E-002
                18600   205.12453128789812        8.0877851889944244E-002
                18800   205.07305117747018        8.1683693944246072E-002
                19000   204.97846792175014        8.3043099597669576E-002
                19200   205.07067343411615        8.1699279708856973E-002
                19400   205.23123590551307        7.9240870010608561E-002
                19600   205.15330179679361        8.0404522323913458E-002
                19800   205.04193284963455        8.2139820056926202E-002
                20000   205.07809205091800        8.1609292763135666E-002
                20200   205.08067193916440        8.1566367372286022E-002
                20400   205.07144675156957        8.1728329139288652E-002
                20600   205.06288689945356        8.1818137967558408E-002
                20800   205.04553230164004        8.2105198987028297E-002
                21000   205.10197810488609        8.1190139813751880E-002
                21200   205.04908101622684        8.2033758839057905E-002
                21400   205.02334391197090        8.2450977369145681E-002
                21600   205.07526089054204        8.1653855910012216E-002
                21800   205.08502834066181        8.1493857939367378E-002
                22000   205.10064105879437        8.1235608291237174E-002
                22200   205.06888491505711        8.1751375364845155E-002
                22400   205.01798431857836        8.2502143034768674E-002
                22600   205.12417448137541        8.0848325234916904E-002
                22800   205.10757407003277        8.1077730717754676E-002
                23000   205.12695532361772        8.0808212841286850E-002
                23200   204.97438461360179        8.3130829207949425E-002
                23400   205.14246779575890        8.0567921699206957E-002
                23600   205.08246628527507        8.1515168119062051E-002
                23800   205.13117238416527        8.0733388214868210E-002
                24000   205.06025426507347        8.1801911813427039E-002
                24200   205.10342911238109        8.1207562923828955E-002
                24400   205.18974544492536        7.9870854692634621E-002
                24600   204.98699417886021        8.2977901785901864E-002
                24800   204.96760286185918        8.0518880320727862E-002
                25000   205.01529592451277        7.9751262677370455E-002
                25200   205.05251351001874        7.9203119657419038E-002
                25400   205.02931886957180        7.9538523430524519E-002
                25600   205.05157488479495        7.9205343100912484E-002
                25800   204.95437193995241        8.0685546244360112E-002
                26000   205.13828360357789        7.7873721965980081E-002
                26200   205.00818001004100        7.9826988508030092E-002
                26400   205.03307444367351        7.9488201333964809E-002
                26600   205.01399374617887        7.9788799529495261E-002
                26800   205.04328261871132        7.9351641987457908E-002
                27000   204.94806189016754        8.0794980206572775E-002
                27200   205.01627619393668        7.9739115981199690E-002
                27400   205.00157555458748        7.9977509012165951E-002
                27600   205.04912028885221        7.9195905666915201E-002
                27800   205.01578990186084        7.9724904979992406E-002
                28000   204.96563970668620        8.0522407938312238E-002
                28200   205.00361644057415        7.9924770111597918E-002
                28400   204.97315388815548        8.0425780846915498E-002
                28600   204.99458868092995        8.0076811675979714E-002
                28800   204.99064970516056        8.0140644173342296E-002
                29000   205.04425156503029        7.9326858938914280E-002
                29200   205.07155095908101        7.8919185316550275E-002
                29400   205.02308511747725        7.9605518420422211E-002
                29600   205.05987013112141        7.9046684352728394E-002
                29800   204.84841054833714        8.2323058171429320E-002
                30000   204.95561623048783        8.0637537603171466E-002
                30200   204.99959229975568        7.9997543423948644E-002
                30400   205.00423179929692        7.9949686090171460E-002
                30600   204.95870521293784        8.0617949910765888E-002
                30800   204.96410520661436        8.0531185682120254E-002
                31000   205.03492830264267        7.9464688865204358E-002
                31200   205.01265716733104        7.9759110655518300E-002
                31400   205.03283911643010        7.9461105619588232E-002
                31600   205.02549953432697        7.9588442587135502E-002
                31800   204.92348507167677        8.1206028210783848E-002
                32000   204.95302989625156        8.0674404661179533E-002
                32200   204.99992144867619        7.9940107062209595E-002
                32400   204.95585624384427        8.0614877537676113E-002
                32600   205.07719884055462        7.8762388661731852E-002
                32800   204.99871734811998        8.0034594990638169E-002
                33000   205.09454236370777        7.8559327199646992E-002
                33200   204.98864475618058        8.0195212998208240E-002
                33400   204.93917198321739        8.0909517121010993E-002
                33600   205.02337386958342        7.9642633354770911E-002
                33800   204.98906650645176        8.0178036082493132E-002
                34000   204.99698204866772        8.0040076840780142E-002
                34200   205.02038209020759        7.9772978103668471E-002
                34400   205.04403312504095        7.9279829544695160E-002
                34600   204.92926058521979        8.1077759370971822E-002
                34800   204.88411119235036        8.1831634265949235E-002
                35000   204.88783953220246        8.1713042855241599E-002
                35200   204.90901983655638        8.1386897895774399E-002
                35400   204.96856470707542        8.0451335621635992E-002
                35600   204.99271868918342        8.0141111461059109E-002
                35800   205.06154637178579        7.9010929245074094E-002
                36000   205.10900644346177        7.8336467192868103E-002
                36200   204.98101353186871        8.0291167248096609E-002
                36400   205.09510838805031        7.8571074410369368E-002
                36600   205.08954894869680        7.8737638100508031E-002
                36800   205.08936946685432        7.8648141601149232E-002
                37000   204.91686870152191        8.1326960093025411E-002
                37200   205.04521975599781        7.9346655678133413E-002
                37400   204.97245447864071        8.0476427636542114E-002
                37600   204.99728206916856        8.0061958593242222E-002
                37800   205.02455172467862        7.9739271464911776E-002
                38000   205.12204744186963        7.8223649721143915E-002
                38200   205.01065168578782        7.9916000471351042E-002
                38400   205.07907951718173        7.8829418939808868E-002
                38600   205.02328881692972        7.9694716980921038E-002
                38800   204.98557805978933        8.0286486284391514E-002
                39000   204.96539463914030        8.0599061924886362E-002
                39200   204.98706457680345        8.0244970928860584E-002
                39400   204.96453401625118        8.0622885929931096E-002
                39600   204.99404392785164        8.0132325262761442E-002
                39800   205.00656366373150        7.9999356983665726E-002
                40000   205.04154719891756        7.9432993662471252E-002
                40200   204.94391053816821        8.0912846304478939E-002
                40400   205.02947126579926        7.9629478874328474E-002
                40600   205.00210865768463        7.9991146192950793E-002
                40800   204.98170055005346        8.0358851583982149E-002
                41000   205.00222495630348        8.0053588429576938E-002
                41200   204.97795195365740        8.0385966026010516E-002
                41400   205.14181605312041        7.7907423345485519E-002
                41600   204.96779273015042        8.0568510237193774E-002
                41800   205.08641394146360        7.8704825211294960E-002
                42000   205.03272486629541        7.9591527941488674E-002
                42200   205.10457770719279        7.8516570201850613E-002
                42400   204.99592685328335        8.0122254461698725E-002
                42600   205.05654747627102        7.9219730258456231E-002
                42800   205.02161469514721        7.9789280036373797E-002
                43000   205.10110896517298        7.8553130607377883E-002
                43200   205.03406924193777        7.9492069207517890E-002
                43400   205.07815022627199        7.8835446417781882E-002
                43600   204.94890456284176        8.0886777016237046E-002
                43800   204.94865790131539        8.0905819818657465E-002
                44000   205.07076080136267        7.9013228722197557E-002
                44200   205.06830181135464        7.9047236474406923E-002
                44400   204.99379966874525        8.0241058846121330E-002
                44600   205.11928379324615        7.8284120376406752E-002
                44800   205.02208382154683        7.9700380360491416E-002
                45000   205.02057039057539        7.9790183955497515E-002
                45200   204.92314577268439        8.1268730382660095E-002
                45400   205.04707188132082        7.9325668513729561E-002
                45600   204.99633688240331        8.0115229525239265E-002
                45800   204.99372860225014        8.0154524062193130E-002
                46000   204.98744772602143        8.0248951355299997E-002
                46200   205.00424385338431        7.9988424035375191E-002
                46400   205.05925839205449        7.9124795735252787E-002
                46600   204.98085750380449        8.0348231713128951E-002
                46800   205.01931138380797        7.9764422398541909E-002
                47000   204.97840619892429        8.0368154797724065E-002
                47200   204.95599291075359        8.0764677718326822E-002
                47400   205.05109649360159        7.9297628161024522E-002
                47600   204.93290047808389        8.1076735754851220E-002
                47800   204.95684199664311        8.0580951906007392E-002
                48000   204.98811379255258        8.0246438930774114E-002
                48200   205.00989716775285        7.9918487008455302E-002
                48400   205.04137283895474        7.9440519665342407E-002
                48600   204.99205785776090        8.0191677246004595E-002
                48800   205.07443893185535        7.8901316891210285E-002
                49000   205.02309930707776        7.9745864430640273E-002
                49200   204.97953412929354        8.0409103798292442E-002
                49400   204.90494876609426        8.1500126610735135E-002
                49600   204.96257824238316        8.0623618957774493E-002
                49800   204.98970112119773        8.0250126759981527E-002
                50000   205.06328555352965        7.9130182013157496E-002
                50200   204.97745286819693        8.0408971445245600E-002
                50400   205.04935425421095        7.9311932179038411E-002
                50600   204.97404235118125        8.0469184717166214E-002
                50800   204.97604762730779        8.0429690158832903E-002
                51000   204.95749584609052        8.0711829219850137E-002
                51200   205.07386188775905        7.8942072879635228E-002
                51400   205.02447655243108        7.9691356952147685E-002
                51600   204.84686269742213        8.2375152249547737E-002
                51800   204.90057696555684        8.1616438406754213E-002
                52000   204.95665548211625        8.0741107345003338E-002
                52200   205.03432754367790        7.9556820738566111E-002
                52400   204.97809975961329        8.0423102563822846E-002
                52600   205.03791989934814        7.9564367507172398E-002
                52800   205.10438425193900        7.8541815991192671E-002
                53000   205.07200937657424        7.8990744556290876E-002
                53200   205.03416848808774        7.9601266130482143E-002
                53400   205.07307500649469        7.9002181005413216E-002
                53600   205.00879986089956        7.9987705654620753E-002
                53800   205.05741711176969        7.9213806685848598E-002
                54000   205.07667864029420        7.8905722754692709E-002
                54200   205.10416098702765        7.8556619475523629E-002
                54400   205.12510195412224        7.8222618254949999E-002
                54600   205.16373803002654        7.7623625476549954E-002
                54800   205.07838528738714        7.8891611866304334E-002
                55000   205.05318111070855        7.9301915279388166E-002
                55200   204.93379288211662        8.1147256922527111E-002
                55400   204.99345823842711        8.0179493768162427E-002
                55600   204.99094219344599        8.0220018540213989E-002
                55800   205.10178786403949        7.8537026586004519E-002
                56000   204.99712368729828        8.0162306055275190E-002
                56200   205.09166138588418        7.8690934016055217E-002
                56400   204.94757858494020        8.0928836646932775E-002
                56600   205.10040767156667        7.8590460289142516E-002
                56800   205.08173676690762        7.8849872665537141E-002
                57000   205.16483998552494        7.7626788718059364E-002
                57200   205.02600180486152        7.9755835541808665E-002
                57400   205.05214676054922        7.9300738377890992E-002
                57600   205.11874980970080        7.8285053093981913E-002
                57800   204.97098100306587        8.0531141964931760E-002
                58000   205.06571746334248        7.9137673341398165E-002
                58200   204.90288606820278        8.1629746376960785E-002
                58400   205.04066434162482        7.9507396268953534E-002
                58600   205.03962595489557        7.9516232324727459E-002
                58800   204.97732650918311        8.0513512994796352E-002
                59000   205.05122319506742        7.9349113992548001E-002
                59200   204.97457894205627        8.0526489079265837E-002
                59400   205.11606385531039        7.8345094549691630E-002
                59600   205.05761488913103        7.9220801937042354E-002
                59800   204.94959931398603        8.0838885789732071E-002
                60000   204.90850904080980        8.1486027872838221E-002
                60200   204.91233321522267        8.1394280478064837E-002
                60400   204.97611327453879        8.0454392322209509E-002
                60600   204.99652324664558        8.0153470135559901E-002
                60800   205.10827544830968        7.8378075949346274E-002
                61000   204.82203277481943        8.2793338081443291E-002
                61200   204.92661221725092        8.1185877549036042E-002
                61400   204.91278159900276        8.1426996096592347E-002
                61600   204.99083953069763        8.0244292501942649E-002
                61800   205.03502431132941        7.9551182375148410E-002
                62000   205.00271501898567        8.0032706815146279E-002
                62200   205.04340868455051        7.9410856508683639E-002
                62400   205.03576463907214        7.9501437955127804E-002
                62600   205.01315777357630        7.9914153542028743E-002
                62800   204.96072066137850        8.0719284226832416E-002
                63000   204.99076053856683        8.0238206889565816E-002
                63200   204.96882000263366        8.0612621043077065E-002
                63400   204.96741145632745        8.0573133183036244E-002
                63600   205.04706971044911        7.9327071413627007E-002
                63800   204.99530362815776        8.0141758928673715E-002
                64000   204.99768483909133        8.0118559645458706E-002
                64200   205.01504629762823        7.9849084617989008E-002
                64400   204.99870687736794        8.0138537092164785E-002
                64600   204.92230886918409        8.1257882091019099E-002
                64800   205.00858344758308        7.9987640213285791E-002
                65000   205.04368739391742        7.9354197828255743E-002
                65200   204.93644221905049        8.1095401117718083E-002
                65400   205.03267580951595        7.9604301787270682E-002
                65600   205.12322148627132        7.8163286672512294E-002
                65800   205.00841979774759        7.9932839971615960E-002
                66000   204.96259781488436        8.0659946047824699E-002
                66200   205.05974750390928        7.9128723103926601E-002
                66400   205.06136909195291        7.9076937158708602E-002
                66600   205.00043317212598        8.0095466991644784E-002
                66800   204.96157704719946        8.0668537422810285E-002
                67000   205.01843898242120        7.9809211222288401E-002
                67200   204.93068652755372        8.1089613587428555E-002
                67400   204.99421470434490        8.0142415394136676E-002
                67600   205.03599871325648        7.9542413775484405E-002
                67800   204.88979482153769        8.1764243594091068E-002
                68000   205.05207333450491        7.9272839786309959E-002
                68200   205.14395522749280        7.7885978757661595E-002
                68400   205.01955249822177        7.9784909933677636E-002
                68600   205.09825043254824        7.8575313307680847E-002
                68800   205.00419655747382        8.0021309952548386E-002
                69000   204.99496296365635        8.0167677255873648E-002
                69200   204.96673429388360        8.0602224038599929E-002
                69400   204.94993672201667        8.0880226630186930E-002
                69600   204.93001235487199        8.1170269536226414E-002
                69800   204.94530961455308        8.0949034936869391E-002
                70000   205.05850330355290        7.9202996970310705E-002
                70200   205.03939982418106        7.9448356979820986E-002
                70400   205.05820357939470        7.9180272330477905E-002
                70600   205.08188644153671        7.8812077675422629E-002
                70800   205.00591738368951        8.0024006003485873E-002
                71000   205.07088737642391        7.9000215866427304E-002
                71200   204.98586426018136        8.0311500538176511E-002
                71400   204.99379844981357        8.0167353220909801E-002
                71600   204.91197111675726        8.1460061005684342E-002
                71800   205.00198662357553        8.0042343942200750E-002
                72000   204.96954352454509        8.0567143003650865E-002
                72200   205.06800900752907        7.8997222083282498E-002
                72400   205.11249409098778        7.8361178790672517E-002
                72600   205.03425458811208        7.9521713384378426E-002
                72800   204.99242970885314        8.0288235627513055E-002
                73000   205.03210412011038        7.9753604288550869E-002
                73200   205.02704147182868        7.9829269518208928E-002
                73400   204.99809081887204        8.0265361776288721E-002
                73600   204.88635340264483        8.1972806823970984E-002
                73800   205.03208973446920        7.9725412022707942E-002
                74000   204.86472710254640        8.2275224995794843E-002
                74200   204.84608552692342        8.2617682363305453E-002
                74400   205.06780764071905        7.9140079301753527E-002
                74600   205.03835250013361        7.9677616306222152E-002
                74800   205.04628062891967        7.9531942483003937E-002
                75000   205.00431351719993        8.0182289978179944E-002
                75200   205.07331643116143        7.9109754436857901E-002
                75400   205.11884250861260        7.8433455860832960E-002
                75600   204.94742004393638        8.1061640931004764E-002
                75800   204.98759612667601        8.0441406463545417E-002
                76000   204.97750493863731        8.0562151143945854E-002
                76200   204.95239776069300        8.1011647548411211E-002
                76400   204.99821265292636        8.0265468049178446E-002
                76600   204.93943675257947        8.1180983816989516E-002
                76800   204.92957789534543        8.1328103558802087E-002
                77000   205.05209165755821        7.9456563523879226E-002
                77200   204.99590342876161        8.0296754394688766E-002
                77400   205.04606068885278        7.9579934793986631E-002
                77600   205.07971879447715        7.9021264310499384E-002
                77800   205.08698205041011        7.8953640561993180E-002
                78000   205.07460134614675        7.9126322383613334E-002
                78200   205.04642702481542        7.9525919296546677E-002
                78400   205.04454386446574        7.9518262077702850E-002
                78600   205.00016355125760        8.0265791558361957E-002
                78800   204.93847266826901        8.1203905701210652E-002
                79000   204.93666268906716        8.1226205209609936E-002
                79200   204.94925280373081        8.1000372424837055E-002
                79400   204.91794289738124        8.1490414734465402E-002
                79600   205.07575714839084        7.9080692167051464E-002
                79800   205.04257305700466        7.9637643462468197E-002
                80000   204.91514868154019        8.1531331429816667E-002
                80200   205.09016682343722        7.8874272956650754E-002
                80400   204.99085842953787        8.0402895702836444E-002
                80600   204.97069687117624        8.0728898074623870E-002
                80800   205.12109549951802        7.8356742621040865E-002
                81000   205.07251308076883        7.9133066270687308E-002
                81200   205.03525844456485        7.9680737165113924E-002
                81400   205.00986583262295        8.0108837765158911E-002
                81600   205.00199503972067        8.0199153504279613E-002
                81800   204.94193112026394        8.1148650621231208E-002
                82000   204.95779552809870        8.0896940099431450E-002
                82200   205.01203564387396        8.0119061378110770E-002
                82400   205.11254043071585        7.8564335816630998E-002
                82600   205.05253839840412        7.9426285816987519E-002
                82800   204.90339883057052        8.1756883250531084E-002
                83000   205.04521203394222        7.9556892052376441E-002
                83200   205.02288885113069        7.9869749486320127E-002
                83400   205.05795084845326        7.9382824123958431E-002
                83600   204.98278883828166        8.0584004560479788E-002
                83800   205.03215233194382        7.9812934842487804E-002
                84000   205.08086692434046        7.9113517359669511E-002
                84200   205.07246356912856        7.9203040267455976E-002
                84400   205.07243091199311        7.9159099040920916E-002
                84600   205.16128080515401        7.7827360515248911E-002
                84800   205.13802782848759        7.8230842404201820E-002
                85000   204.96592864033147        8.0829200123063646E-002
                85200   205.00457836024054        8.0234886909477013E-002
                85400   204.98953252198319        8.0484892702041705E-002
                85600   205.10714869492787        7.8659892557733951E-002
                85800   205.06889208962110        7.9238595072785717E-002
                86000   205.04599585261110        7.9568027650556386E-002
                86200   204.94901107149474        8.1107443236985211E-002
                86400   205.10103654566652        7.8721689187132557E-002
                86600   205.05187537958435        7.9513284924088254E-002
                86800   205.05206790478221        7.9517442630033366E-002
                87000   205.05351254361148        7.9456424508873372E-002
                87200   204.91529446996631        8.1643233905190071E-002
                87400   205.07472376062910        7.9174652932855222E-002
                87600   205.07023449521881        7.9248151229092456E-002
                87800   205.02925153211061        7.9860492386208307E-002
                88000   205.06893866838669        7.9258021355125455E-002
                88200   204.97122225265784        8.0803114236245741E-002
                88400   205.10518494810646        7.8710797095141324E-002
                88600   205.02351460283313        7.9950928480411868E-002
                88800   205.06905270043859        7.9234620728192248E-002
                89000   205.00247043071374        8.0217084437093952E-002
                89200   204.97857570531525        8.0661109008235810E-002
                89400   205.03146546656575        7.9854747327650577E-002
                89600   205.08055972006343        7.9049583056494163E-002
                89800   204.97224634058190        8.0705318539966001E-002
                90000   205.11597573045529        7.8493983556746263E-002
                90200   204.98413504585261        8.0571292200317030E-002
                90400   205.05846190313571        7.9387694991296748E-002
                90600   205.10260564207039        7.8714062338498564E-002
                90800   205.02008847090914        7.9967418225355136E-002
                91000   204.95997073930715        8.0908895549472948E-002
                91200   204.99032345033982        8.0419790067129654E-002
                91400   205.00020634497781        8.0317829913780309E-002
                91600   204.92240977336363        8.1465416686698960E-002
                91800   205.11873359808135        7.8462165282147445E-002
                92000   205.03812408083112        7.9738281694996402E-002
                92200   205.08133318671500        7.9088837741711271E-002
                92400   205.02991803451425        7.9855248714040039E-002
                92600   205.20397179092646        7.7180507917153432E-002
                92800   205.12567791257055        7.8411904056553988E-002
                93000   205.11676644507693        7.8520852422319598E-002
                93200   205.07239373585696        7.9146997165388047E-002
                93400   205.07475973770428        7.9113422331093142E-002
                93600   205.14051901037396        7.8122194233538542E-002
                93800   205.03296400676805        7.9756660245688990E-002
                94000   204.83320513802479        8.2854398553326492E-002
                94200   205.08783696671836        7.8901974658268648E-002
                94400   204.97801937382542        8.0640853746255931E-002
                94600   205.03748321659586        7.9726930739014198E-002
                94800   205.05174529857095        7.9531481727331654E-002
                95000   204.99388494011220        8.0438019287208493E-002
                95200   204.97609751356359        8.0667638280458767E-002
                95400   204.97646210683328        8.0623620186987141E-002
                95600   204.95589531223717        8.0956699646021743E-002
                95800   205.08653345618976        7.8980316797042593E-002
                96000   205.01929608493850        8.0036479557145102E-002
                96200   204.96061723121929        8.0886662677028931E-002
                96400   205.06436796837599        7.9257306378654691E-002
                96600   205.02345267342361        7.9927183903539145E-002
                96800   204.96497184749643        8.0832582220395813E-002
                97000   205.16078256838097        7.7824182811041240E-002
                97200   205.07028982787588        7.9248630935393666E-002
                97400   205.12633364869785        7.8364450012161621E-002
                97600   204.97509302633964        8.0653717439436334E-002
                97800   204.99646882590736        8.0325832023880536E-002
                98000   205.06214704460609        7.9405337036640170E-002
                98200   204.99049648080273        8.0463654016278377E-002
                98400   205.03477424741078        7.9802774028558718E-002
                98600   205.00298686860680        8.0253268369228317E-002
                98800   204.93998259833120        8.1228478361605974E-002
                99000   204.94497069428203        8.1117207971464933E-002
                99200   204.95953092576846        8.0947457052538432E-002
                99400   205.02958019726472        7.9845736558376873E-002
                99600   204.97708371216248        8.0631951073117131E-002
                99800   205.06477505435095        7.9275467916425937E-002
               100000   205.03260107989090        7.9776719730088722E-002
               100200   204.97315618568274        8.0714119908864748E-002
               100400   205.09256377079188        7.8835026076129161E-002
               100600   205.00649004028881        8.0132009993221981E-002
               100800   204.97154704061850        8.0767006600863653E-002
               101000   204.97122459176157        8.0728802059120017E-002
               101200   204.94456983701269        8.1090431328794108E-002
               101400   205.02140830020298        7.9967806418860976E-002
               101600   204.95888284113616        8.0901954673403595E-002
               101800   205.13079368463551        7.8237676100584741E-002
               102000   204.98552470826397        8.0483120558868859E-002
               102200   204.98594249217450        8.0527534266092715E-002
               102400   204.92037960513238        8.1516489508744752E-002
               102600   205.02126871194221        7.9954401178879905E-002
               102800   204.98230922535430        8.0551724650627432E-002
               103000   205.05659934089499        7.9399186812011399E-002
               103200   205.16585382667640        7.7762254202288342E-002
               103400   205.12859484216719        7.8336394950213065E-002
               103600   205.05361970585952        7.9442904592195884E-002
               103800   205.10836496079364        7.8646674600580155E-002
               104000   205.06925312257681        7.9284054021491676E-002
               104200   204.99444818084919        8.0426063572461570E-002
               104400   205.04989371835217        7.9527642218635161E-002
               104600   205.07394665010040        7.9165584683424051E-002
               104800   205.01743178679348        7.9955458722721320E-002
               105000   205.02733619667734        7.9852761340254708E-002
               105200   204.97682690234373        8.0653897249166273E-002
               105400   205.07334863714172        7.9180889643834781E-002
               105600   205.09760023463664        7.8749777209571686E-002
               105800   204.86231796938256        8.2375062507841879E-002
               106000   204.93055244181303        8.1319869678686998E-002
               106200   205.02596875353092        7.9861882939311346E-002
               106400   205.02118000045169        7.9945434763944695E-002
               106600   204.99222574659169        8.0377879793501125E-002
               106800   205.02758157059333        7.9853286735561274E-002
               107000   204.98913981458901        8.0381014581429724E-002
               107200   205.11245479413472        7.8501031129000517E-002
               107400   204.94143036519475        8.1118566347496535E-002
               107600   204.91606977060101        8.1571291581497646E-002
               107800   204.99335947822874        8.0342656274393659E-002
               108000   205.08209868010161        7.8953967339830927E-002
               108200   205.00012174881334        8.0298318821218892E-002
               108400   205.02096783732691        7.9939190001288421E-002
               108600   204.95806935460791        8.0890269574880963E-002
               108800   204.97440836778841        8.0692924348748363E-002
               109000   205.01074897419349        8.0061096684886826E-002
               109200   204.89343750285673        8.1879176809679571E-002
               109400   204.96659367592017        8.0802615603061817E-002
               109600   205.00449872862148        8.0225824590687958E-002
               109800   205.04258189094395        7.9654617117377091E-002
               110000   205.02691300741517        7.9851075617045825E-002
               110200   205.04856720843608        7.9552324902154109E-002
               110400   205.04274529733573        7.9674703351862677E-002
               110600   205.11403669314177        7.8627443308799574E-002
               110800   205.10366209342754        7.8788167878535278E-002
               111000   205.10729734483502        7.8709409551602702E-002
               111200   204.92973435035202        8.1417245376194991E-002
               111400   204.85772569887632        8.2533171938601088E-002
               111600   204.90980826443149        8.1690108381979348E-002
               111800   204.99661518200634        8.0407134044045092E-002
               112000   205.03906598996122        7.9738060010496825E-002
               112200   204.90807004332476        8.1778348283369287E-002
               112400   205.00863278906823        8.0220263353072419E-002
               112600   205.03068422722978        7.9872516960493051E-002
               112800   204.99437111359504        8.0463527948297392E-002
               113000   205.06176979317468        7.9451851214106764E-002
               113200   205.07026595392506        7.9326673627565791E-002
               113400   205.05606657922476        7.9488475515991364E-002
               113600   205.12642921394064        7.8395940119445798E-002
               113800   205.02416680318362        7.9912744153566737E-002
               114000   205.06391024558030        7.9375192449867446E-002
               114200   205.07232641627240        7.9204029737021786E-002
               114400   205.00070985353568        8.0349707889806637E-002
               114600   205.05019160756882        7.9569020000944471E-002
               114800   205.05883798002878        7.9474630760195522E-002
               115000   205.03058441229985        7.9893466452556350E-002
               115200   205.01455204709984        8.0176482019504336E-002
               115400   205.09599134070064        7.8886184981404928E-002
               115600   205.06601893708904        7.9329455124472981E-002
               115800   205.11804471222635        7.8568933946617098E-002
               116000   205.18401731763151        7.7607816461150544E-002
               116200   205.05118572683827        7.9614331359026388E-002
               116400   205.01952194202698        8.0076786408366102E-002
               116600   205.08895749657492        7.8977998368016125E-002
               116800   204.87830122311144        8.2223542908955477E-002
               117000   204.94141448731472        8.1250650265793742E-002
               117200   204.91186252660444        8.1706696285034894E-002
               117400   205.04158901134335        7.9757335897824702E-002
               117600   204.95277924870385        8.1057412210750399E-002
               117800   205.01088012979059        8.0132620855448047E-002
               118000   205.07399176806371        7.9199002988582665E-002
               118200   204.92479202153706        8.1503531983693048E-002
               118400   204.97774981215505        8.0671298672224515E-002
               118600   205.03497143008181        7.9778076388009628E-002
               118800   204.95995919782089        8.0980065512157612E-002
               119000   205.03232176982689        7.9837919235231480E-002
               119200   205.07940180916734        7.9143922060279606E-002
               119400   204.99736871574100        8.0382461225145238E-002
               119600   205.09395976702407        7.8913356639854479E-002
               119800   205.01159451426713        8.0201534408848335E-002
               120000   204.96758402339935        8.0841297650548691E-002
               120200   205.01113525170129        8.0147807826691453E-002
               120400   205.06054311767539        7.9459529353558975E-002
               120600   205.09784893459465        7.8875003130373378E-002
               120800   204.96702735915403        8.0888461467081452E-002
               121000   204.99774313669428        8.0370210749800247E-002
               121200   205.00496238836254        8.0287136376052115E-002
               121400   204.97651977722515        8.0702023744529172E-002
               121600   205.02653348613097        7.9901233433689503E-002
               121800   204.98277398166942        8.0602925068890913E-002
               122000   204.94621374667895        8.1206709691774598E-002
               122200   204.86836015703622        8.2364234865504510E-002
               122400   204.98745684765782        8.0517759448091433E-002
               122600   205.08729413176388        7.9011172115606432E-002
               122800   205.02253799021685        8.0105237651837816E-002
               123000   205.06696904945153        7.9434931674835299E-002
               123200   205.07873137117073        7.9270910386617030E-002
               123400   205.01944074991553        8.0229127123320185E-002
               123600   204.98284650276020        8.0744651606950338E-002
               123800   204.96180548400324        8.1064241655894362E-002
               124000   205.11278941488351        7.8748201180423569E-002
               124200   204.94719043214988        8.1312634639841938E-002
               124400   204.96863216578018        8.0947278265223965E-002
               124600   204.96503456454002        8.1020770142088874E-002
               124800   204.93331850662224        8.1495949632109141E-002
               125000   205.01157927665557        8.0302364341792151E-002
               125200   204.99418381201957        8.0598103148675632E-002
               125400   205.07512538583941        7.9373399405868683E-002
               125600   204.98637045048955        8.0708366661687431E-002
               125800   205.05981486105890        7.9538133411975742E-002
               126000   205.05768681995656        7.9563474267828810E-002
               126200   205.00729818038096        8.0362627030894959E-002
               126400   204.92594646150667        8.1592450587700011E-002
               126600   204.84202726917502        8.2936472839808290E-002
               126800   205.07616527193528        7.9272355267647920E-002
               127000   205.03186217218808        8.0000808602138290E-002
               127200   204.98397561804310        8.0742202540945510E-002
               127400   205.05083357696452        7.9724942929088702E-002
               127600   204.98120649416532        8.0729635895209748E-002
               127800   205.01224220479850        8.0297103028659153E-002
               128000   204.96898709578292        8.1011085365472912E-002
               128200   204.94405073975469        8.1316595549065618E-002
               128400   205.07020874302012        7.9360292102280502E-002
               128600   205.02598592017597        8.0024651791795728E-002
               128800   204.97554078916718        8.0825539881981864E-002
               129000   204.95836619583613        8.1063752202290812E-002
               129200   205.00756869062462        8.0352923914364230E-002
               129400   204.98395990096856        8.0668787402690373E-002
               129600   204.96334909864581        8.1011479860669228E-002
               129800   205.06876603639836        7.9386892449347601E-002
               130000   205.10643254602550        7.8771635381541361E-002
               130200   204.99595377805863        8.0569755274013874E-002
               130400   204.98854639689432        8.0585084068698951E-002
               130600   204.92641775322764        8.1579676211714594E-002
               130800   205.07330796428712        7.9292761758690156E-002
               131000   205.05827280708695        7.9562150589258709E-002
               131200   204.92237522455358        8.1613480193923879E-002
               131400   204.98075146776191        8.0672826710346146E-002
               131600   204.95903798838879        8.1043201479041677E-002
               131800   204.96054257707334        8.1074569334162863E-002
               132000   205.02985840156285        8.0000130022460328E-002
               132200   204.94584827385219        8.1370061964116183E-002
               132400   205.13522136610536        7.8368543230134341E-002
               132600   205.10152146093728        7.8886642525112863E-002
               132800   204.94363987752561        8.1366252630995839E-002
               133000   204.97456044581483        8.0857659868594778E-002
               133200   205.05984491226334        7.9569804451222831E-002
               133400   205.10669772724307        7.8876234082408861E-002
               133600   205.08796341576053        7.9147170291412550E-002
               133800   205.06797079248025        7.9408554155818448E-002
               134000   205.16548422288022        7.7936028368264507E-002
               134200   205.08115805511980        7.9167665864642744E-002
               134400   204.98925065282685        8.0651721073603105E-002
               134600   204.92530726010096        8.1582878959383293E-002
               134800   205.00576240198504        8.0438348983079389E-002
               135000   205.01447834143883        8.0222381015188401E-002
               135200   205.02008512370597        8.0218854478096582E-002
               135400   204.98734025364519        8.0647213991530228E-002
               135600   205.02875349453160        8.0010273737282353E-002
               135800   204.98238855915216        8.0777006401989732E-002
               136000   205.05426016172575        7.9645633002251109E-002
               136200   204.99230227762891        8.0575251130012709E-002
               136400   204.99247714454398        8.0600215498660560E-002
               136600   205.00472142246764        8.0373365568325750E-002
               136800   204.98324923142334        8.0735189442107683E-002
               137000   205.06958050147861        7.9383549537815734E-002
               137200   205.14314512386912        7.8211394241365292E-002
               137400   205.10553014234202        7.8760831679984669E-002
               137600   205.02759668247987        8.0027435407389741E-002
               137800   205.05220941777893        7.9628460929521555E-002
               138000   205.07570734064475        7.9286754192025438E-002
               138200   205.09651603969044        7.8913093569196679E-002
               138400   205.09725537452530        7.8880077406418170E-002
               138600   205.01213862427247        8.0234697054816326E-002
               138800   205.03041604108128        7.9954749882315962E-002
               139000   204.95497637957811        8.1074591670277835E-002
               139200   204.99063927977102        8.0537808797222901E-002
               139400   204.94077441153001        8.1309723857509272E-002
               139600   205.04070190665342        7.9789072401148797E-002
               139800   204.91162389184379        8.1763864284475046E-002
               140000   205.06545507122249        7.9402759862112232E-002
               140200   205.14653236360371        7.8172743993094942E-002
               140400   205.13821532124143        7.8320440914372624E-002
               140600   204.93575141647617        8.1381515171755237E-002
               140800   204.89405511203452        8.2042461041904852E-002
               141000   205.10705171496014        7.8810571348551073E-002
               141200   204.91943354484459        8.1649649718638723E-002
               141400   204.99479618604147        8.0522589590426907E-002
               141600   205.03753411199671        7.9889345562973474E-002
               141800   205.08063506928775        7.9179182066372505E-002
               142000   204.95207225137574        8.1192605062424997E-002
               142200   205.06203170945142        7.9494134948637038E-002
               142400   205.15008227019845        7.8125904230979967E-002
               142600   205.00874556615304        8.0334661391073717E-002
               142800   205.01575486712485        8.0226897619914250E-002
               143000   205.09260008647678        7.9013409338809668E-002
               143200   205.06617330379439        7.9437675373109556E-002
               143400   205.02818943189880        8.0007219265313956E-002
               143600   205.04297688215701        7.9773973644222923E-002
               143800   205.04947113638983        7.9679448229526065E-002
               144000   205.10362629306383        7.8882570726076892E-002
               144200   204.98848901135526        8.0716977228137032E-002
               144400   205.07318279635390        7.9366870850486798E-002
               144600   205.07157867860278        7.9467475404529558E-002
               144800   205.08356994407478        7.9235661257007303E-002
               145000   205.07266514320682        7.9407849970856703E-002
               145200   205.04476683803071        7.9839607914424862E-002
               145400   205.03881203641211        7.9949863606110644E-002
               145600   205.01527274326614        8.0283409236941675E-002
               145800   205.01241223181725        8.0330149842613816E-002
               146000   205.09043261766502        7.9082175659813139E-002
               146200   204.98877575684494        8.0684398995838166E-002
               146400   205.03657816476252        8.0008687801183836E-002
               146600   204.87549100682244        8.2390310797000321E-002
               146800   205.00639201107489        8.0391361969046102E-002
               147000   205.06792940796603        7.9435042750391996E-002
               147200   205.10273525838605        7.8941758146265362E-002
               147400   205.04818092249505        7.9774781923109828E-002
               147600   205.02323187883931        8.0188635263368391E-002
               147800   205.04489455082791        7.9788925165489383E-002
               148000   204.93882527814094        8.1483976706715602E-002
               148200   204.93512986338945        8.1488164488415185E-002
               148400   204.95497341884675        8.1202146934094666E-002
               148600   205.06388717414501        7.9512009960672259E-002
               148800   204.94170324302007        8.1389531376907479E-002
               149000   204.99656108472391        8.0545495156516683E-002
               149200   204.98071627575095        8.0877479664005145E-002
               149400   205.12832838176186        7.8549048549775166E-002
               149600   204.83995669557805        8.2940355302094718E-002
               149800   205.00199515853001        8.0455393530314084E-002
               150000   205.05590644245351        7.9682706122905678E-002
               150200   204.88561731690373        8.2284477569537759E-002
               150400   204.99819353957668        8.0589523514524530E-002
               150600   205.03323617348630        7.9973613946687255E-002
               150800   205.08617597680464        7.9188705219447084E-002
               151000   205.01002968543347        8.0327507385279787E-002
               151200   205.03080906305706        8.0023649526957466E-002
               151400   205.00620056762364        8.0400873961160274E-002
               151600   204.99336443302528        8.0641630286874044E-002
               151800   204.98802195190274        8.0692675454584112E-002
               152000   205.00810369517703        8.0421383423492032E-002
               152200   205.06291816838109        7.9508278768011365E-002
               152400   205.03787790572966        7.9959803121569223E-002
               152600   205.04207541959346        7.9860321610593601E-002
               152800   204.97921107712904        8.0811995514601345E-002
               153000   205.09379930821788        7.9113504176854574E-002
               153200   205.00951547309378        8.0365789991370409E-002
               153400   205.07813393286034        7.9336419921901019E-002
               153600   204.98866405214164        8.0706190332942698E-002
               153800   204.99667887721446        8.0606352810668885E-002
               154000   205.05114491912678        7.9747783010612125E-002
               154200   205.07662032991507        7.9334138411635918E-002
               154400   205.03675613963648        7.9964290882657899E-002
               154600   205.06276504835580        7.9520265688513669E-002
               154800   204.89682167478065        8.1883006182330728E-002
               155000   205.00678814730287        8.0190846530283022E-002
               155200   205.02855196016651        7.9919440284048363E-002
               155400   204.95373110174916        8.0988222936458326E-002
               155600   205.04848329577223        7.9523737228301736E-002
               155800   205.14539248148319        7.8072252035118334E-002
               156000   205.11589968726850        7.8502835332804513E-002
               156200   204.92991734898570        8.1357580139482272E-002
               156400   205.07785950980428        7.9056523982692653E-002
               156600   204.91481382837875        8.1589121205211945E-002
               156800   205.10955798039578        7.8588769349378237E-002
               157000   205.00520624547306        8.0239295098904581E-002
               157200   205.06317068670259        7.9366734298222288E-002
               157400   205.07004922631390        7.9231196729049796E-002
               157600   205.03037200232549        7.9866896207773819E-002
               157800   205.10173663431598        7.8754127447298400E-002
               158000   205.03609584633793        7.9755684898414239E-002
               158200   205.04708622186885        7.9566237817859195E-002
               158400   205.02990118401695        7.9832851474144359E-002
               158600   205.06903894936809        7.9247945324767158E-002
               158800   205.05271038576817        7.9513427232866474E-002
               159000   205.07483944490724        7.9205563038694249E-002
               159200   205.02529144733637        7.9989619712010171E-002
               159400   205.02195716622285        7.9985604201060947E-002
               159600   205.11788536198958        7.8438020189898830E-002
               159800   204.99305838124118        8.0389439282240488E-002
               160000   205.03726118734770        7.9752709528183363E-002
               160200   204.98171707776038        8.0607886342970614E-002
               160400   205.01516155435942        8.0097634168631707E-002
               160600   204.99875720630638        8.0313274775940163E-002
               160800   205.13363497501459        7.8282133140626986E-002
               161000   205.00396594238674        8.0247602605680757E-002
               161200   204.93567447975204        8.1323387606662467E-002
               161400   204.99304800263400        8.0408623231752754E-002
               161600   204.99770659704106        8.0295069816672407E-002
               161800   204.92352803739800        8.1522991461567940E-002
               162000   205.11611826779836        7.8492239515094667E-002
               162200   205.03463872279127        7.9805079876602708E-002
               162400   205.13093886311876        7.8243989147993048E-002
               162600   204.99305353501612        8.0399835529928007E-002
               162800   204.98203685305049        8.0514955170842159E-002
               163000   204.98170112100203        8.0583937651783621E-002
               163200   204.99536349033502        8.0376727223931632E-002
               163400   205.05596353089470        7.9434692654849690E-002
               163600   204.96637855792184        8.0840731930714782E-002
               163800   205.07308729783352        7.9210827905627432E-002
               164000   204.93460124502451        8.1349374481543016E-002
               164200   205.02338179938948        7.9968430244127531E-002
               164400   205.08086866940596        7.9100471506598088E-002
               164600   205.11079228465437        7.8613947899207670E-002
               164800   204.94897146599615        8.1138042724798173E-002
               165000   205.00464201844949        8.0243608822992696E-002
               165200   205.03822775964062        7.9749576291017629E-002
               165400   204.94729652331230        8.1140500985981412E-002
               165600   205.02025595273989        8.0032157564680337E-002
               165800   204.97635413171793        8.0688761515239196E-002
               166000   205.05682673034846        7.9467602521987452E-002
               166200   205.01122364985247        8.0134089797329874E-002
               166400   205.02996661996477        7.9846823545789355E-002
               166600   205.07791374400014        7.9140806590043980E-002
               166800   205.00434146343881        8.0246026825873076E-002
               167000   204.97205087683164        8.0822496425220533E-002
               167200   205.07481380715089        7.9178480500328927E-002
               167400   205.02917184385103        7.9918998668358249E-002
               167600   205.02102547822355        8.0034382120166697E-002
               167800   205.09652590897480        7.8826165268613885E-002
               168000   205.10377282019755        7.8772207011172435E-002
               168200   204.98855492489673        8.0558051715792917E-002
               168400   204.98085990133686        8.0681234285658099E-002
               168600   205.00321573580015        8.0370600668807565E-002
               168800   205.04239807773052        7.9750774389022547E-002
               169000   205.06628224386895        7.9384679690776450E-002
               169200   204.90487739660355        8.1840022128967987E-002
               169400   204.97160969488641        8.0807556163927180E-002
               169600   205.06499974997237        7.9408962827406698E-002
               169800   205.02327096377192        8.0057483828304021E-002
               170000   205.12087004363238        7.8571685282505341E-002
               170200   204.98501804804229        8.0608422397808785E-002
               170400   204.99648865529420        8.0439466323027051E-002
               170600   204.93794786136979        8.1287842641278502E-002
               170800   205.07514973009143        7.9281813459239403E-002
               171000   205.07023962238276        7.9353660940159082E-002
               171200   205.02626318173321        7.9978499136145395E-002
               171400   205.03082615576679        7.9954269712727885E-002
               171600   205.00422319453611        8.0316549256888387E-002
               171800   205.00479763622155        8.0323293704597870E-002
               172000   204.96324110424320        8.1004629867564681E-002
               172200   205.00171072049960        8.0386636771012196E-002
               172400   204.90635601285626        8.1856764858964204E-002
               172600   204.90923982253460        8.1722958303247342E-002
               172800   205.00894343233219        8.0237273508479937E-002
               173000   204.83507654224945        8.3009875565784985E-002
               173200   205.02131272148168        8.0074410188245862E-002
               173400   205.11502624450338        7.8657567264796072E-002
               173600   205.03360597455119        7.9901597968974752E-002
               173800   205.01939847786130        8.0133325650281501E-002
               174000   205.07277679991245        7.9342263280989062E-002
               174200   205.17459594553361        7.7790701008692800E-002
               174400   205.00439880951436        8.0369138801684170E-002
               174600   205.23688944714081        7.6767395996872809E-002
               174800   337.36119198153665        7.7492967211196653E-002
               175000   337.40930116988324        7.6735507572786285E-002
               175200   337.38642376910263        7.7108159814589128E-002
               175400   337.38483791534787        7.7157892419902993E-002
               175600   337.36146719154317        7.7473345839983637E-002
               175800   337.44852487598428        7.6121341513686838E-002
               176000   337.38505373325961        7.7108974152844623E-002
               176200   337.46097232871216        7.5927469511485213E-002
               176400   337.47033331717302        7.5853025320476414E-002
               176600   337.42193801741934        7.6527432958050520E-002
               176800   337.30759754491282        7.8388833402158076E-002
               177000   337.45552207168146        7.6104298962906797E-002
               177200   337.40559344942773        7.6856766145583510E-002
               177400   337.38062844969204        7.7259109651631686E-002
               177600   337.48205140196109        7.5723046211175551E-002
               177800   337.46164851239990        7.5942211012412622E-002
               178000   337.46566460384878        7.5931016569938725E-002
               178200   337.46128054027099        7.6040411847093689E-002
               178400   337.41094934041308        7.6787814552517347E-002
               178600   337.48385033756017        7.5627674799880362E-002
               178800   337.58565440605753        7.4098065121788972E-002
               179000   337.46051299282720        7.6043886147827464E-002
               179200   337.44050681272000        7.6347708772162695E-002
               179400   337.38160993217866        7.7243680568473208E-002
               179600   337.34778008056605        7.7780919517777145E-002
               179800   337.37666400517361        7.7279613139430645E-002
               180000   337.48741834967836        7.5645648358745890E-002
               180200   337.52184172233370        7.5075256446265975E-002
               180400   337.29739627494769        7.8465970053884171E-002
               180600   337.40921499775118        7.6755930560215638E-002
               180800   337.56367608416406        7.4420277699437584E-002
               181000   337.41523564627437        7.6641091204022058E-002
               181200   337.47306832486424        7.5844393943084704E-002
               181400   337.46188694194529        7.5959452469880132E-002
               181600   337.41588014991680        7.6678467099280903E-002
               181800   337.46625691817337        7.5787374133411356E-002
               182000   337.43748962281171        7.6344330033980987E-002
               182200   718.87600904308943        7.3728959114914894E-002
               182400   718.90788968051174        7.3237685524197849E-002
               182600   718.94534216371380        7.2684065240193274E-002
               182800   718.84564428654141        7.4233598350103638E-002
               183000   718.92756321157287        7.2988859337737175E-002
               183200   718.95125325590709        7.2534012670106673E-002
               183400   718.86578248435444        7.3947131814928985E-002
               183600   718.86641893207320        7.3943180553797463E-002
               183800   718.91193201456167        7.3206497942673490E-002
               184000   718.96331802587042        7.2446527881042666E-002
               184200   718.89878540026530        7.3407441599686929E-002
               184400   718.87202995757389        7.3801018513488290E-002
               184600   718.84878140680041        7.4304365410924417E-002
               184800   718.79340492739993        7.5157971346468275E-002
               185000   718.94257797466526        7.2740184868820418E-002
               185200   718.88253665730963        7.3634632104042794E-002
               185400   718.86576493946336        7.3919078054361043E-002
               185600   718.79126887578764        7.5119945454406617E-002
               185800   718.83273302017449        7.4453577411723523E-002
               186000   718.90537811190109        7.3371692745997197E-002
               186200   718.91665990254944        7.3197406225117098E-002
               186400   718.94707776650171        7.2747512672679801E-002
               186600   718.96279427045147        7.2516232653838580E-002
               186800   718.94584811486118        7.2736708908855696E-002
               187000   718.79710126582438        7.5016870405990602E-002
               187200   718.98669200599682        7.2084036289588635E-002
               187400   718.90631102382861        7.3372730113763912E-002
               187600   718.83494312417872        7.4450744394815416E-002
               187800   718.85968958083879        7.4027507405754533E-002
               188000   718.84268134947513        7.4295534182087994E-002
               188200   718.88963765768688        7.3567145337175691E-002
               188400   718.85325759852708        7.4124119753818163E-002
               188600   718.92720114213819        7.2998488256639321E-002
               188800   718.89025626788850        7.3593546896336751E-002
               189000   718.73418640855357        7.5997710664458359E-002
               189200   718.90232364135045        7.3431067470075800E-002
               189400   718.91749413216121        7.3169919770961683E-002
               189600   718.95932475136863        7.2580109425737740E-002
               189800   718.98034718490248        7.2209822375168237E-002
               190000   718.96314766078387        7.2475860281378840E-002
               190200   718.84145935753202        7.4346525638064431E-002
               190400   718.91207059852377        7.3262911899997216E-002
               190600   718.91966751082987        7.3148005591014045E-002
               190800   718.97191722999469        7.2242472460169585E-002
               191000   718.88355106174572        7.3631484350711596E-002
               191200   718.76888597596030        7.5396363929079543E-002
               191400   718.86199468184896        7.3971068857010672E-002
               191600   718.97310391066605        7.2252642977639364E-002
               191800   718.89416151868386        7.3436568393200952E-002
               192000   718.92729529159919        7.2939075369787734E-002
               192200   718.90707218116722        7.3234902040904229E-002
               192400   718.82621300825269        7.4449384744590369E-002
               192600   718.90764045215644        7.3273458274877537E-002
               192800   718.88481299677710        7.3640527565840191E-002
               193000   718.80562570654956        7.4879711683052033E-002
               193200   719.02409997805466        7.1549487758990948E-002
               193400   718.90570203142647        7.3401479351394586E-002
               193600   718.89965833450049        7.3429686032638788E-002
               193800   718.85252681828388        7.4196507456213326E-002
               194000   718.84349127393887        7.4280004821449808E-002
               194200   718.90442402636836        7.3419591842255896E-002
               194400   718.95021084477708        7.2693904748369093E-002
               194600   718.85572419353525        7.4124427441687304E-002
               194800   718.76935172140782        7.5436262666008766E-002
               195000   718.92172111590844        7.3070895572480810E-002
               195200   718.95214121091124        7.2774023434254959E-002
               195400   718.91365892060298        7.3335349605551825E-002
               195600   718.84807926136750        7.4404017099676326E-002
               195800   718.87675935329548        7.3925318298011466E-002
               196000   718.86819314831905        7.4084754739057401E-002
               196200   718.95836304216755        7.2707219531600309E-002
               196400   718.88644662254205        7.3830349221076036E-002
               196600   719.00032826442884        7.2141441081334898E-002
               196800   718.93520620767129        7.2773541208377507E-002
               197000   718.85238867495161        7.4065413271319852E-002
               197200   719.00223467956687        7.1750393957632053E-002
               197400   719.02618177414877        7.1364330750777472E-002
               197600   718.94597264676111        7.2641880456013899E-002
               197800   718.87535257661966        7.3690047370684283E-002
               198000   718.95634097998368        7.2401631843781927E-002
               198200   718.92457416466834        7.2932468193955088E-002
               198400   718.88744949324212        7.3434599509677193E-002
               198600   718.88145935310126        7.3621950394911220E-002
               198800   718.85277125346101        7.4055355851323570E-002
               199000   718.85536389952961        7.4013029177599374E-002
               199200   718.92189194293974        7.3001357200668915E-002
               199400   718.78772855875457        7.5083749333425265E-002
               199600   718.80852437023430        7.4766537213318218E-002
               199800   718.91542695667783        7.3074243765569605E-002
               200000   718.90495028940484        7.3243529300029711E-002
