                  200   3.2526797053310669E+019   8.0601377011569691E-002
                  400   3.2526797053310669E+019   8.0080741749410003E-002
                  600   3.2526797053310669E+019   7.8816315232330111E-002
                  800   3.2526797053310669E+019   7.9235012926377177E-002
                 1000   3.2526797053310669E+019   7.8354803952879734E-002
                 1200   3.2526797053310669E+019   7.8804203934521436E-002
                 1400   3.2526797053310669E+019   7.9003841619531598E-002
                 1600   3.2526797053310669E+019   7.6882496634591707E-002
                 1800   3.2526797053310669E+019   7.9620610251975421E-002
                 2000   3.2526797053310669E+019   7.9035125711350962E-002
                 2200   3.2526797053310669E+019   7.9521846606710342E-002
                 2400   3.2526797053310669E+019   7.9495664094897694E-002
                 2600   3.2526797053310669E+019   7.8212643081226968E-002
                 2800   3.2526797053310669E+019   7.9240273978991846E-002
                 3000   3.2526797053310669E+019   7.9117629382103274E-002
                 3200   3.2526797053310669E+019   7.9135703871525034E-002
                 3400   3.2526797053310669E+019   7.9083670610306231E-002
                 3600   3.2526797053310669E+019   7.9425160450175308E-002
                 3800   3.2526797053310669E+019   7.8783960836369668E-002
                 4000   3.2526797053310669E+019   7.9070103469004505E-002
                 4200   3.2526797053310669E+019   7.8772442893527861E-002
                 4400   3.2526797053310669E+019   7.9898497223286874E-002
                 4600   3.2526797053310669E+019   7.8641314070834356E-002
                 4800   3.2526797053310669E+019   7.9503117797769654E-002
                 5000   3.2526797053310669E+019   7.9662831358094807E-002
                 5200   3.2526797053310669E+019   7.9423207595284581E-002
                 5400   3.2526797053310669E+019   7.9818662636461590E-002
                 5600   3.2526797053310669E+019   7.9123551891887162E-002
                 5800   3.2526797053310669E+019   7.9802676856226676E-002
                 6000   3.2526797053310669E+019   7.9603201471117088E-002
                 6200   3.2526797053310669E+019   7.6713551352875289E-002
                 6400   3.2526797053310669E+019   7.7754653355591064E-002
                 6600   3.2526797053310669E+019   7.8828285081127825E-002
                 6800   3.2526797053310669E+019   7.9167926389111895E-002
                 7000   3.2526797053310669E+019   7.8031479224023481E-002
                 7200   3.2526797053310669E+019   7.9641307849260379E-002
                 7400   3.2526797053310669E+019   7.8124789956504362E-002
                 7600   3.2526797053310669E+019   7.8719933976314035E-002
                 7800   3.2526797053310669E+019   7.9687114770689002E-002
                 8000   3.2526797053310669E+019   7.9312771893419079E-002
                 8200   3.2526797053310669E+019   7.9445755010973729E-002
                 8400   3.2526797053310669E+019   7.8607887696316464E-002
                 8600   3.2526797053310669E+019   7.9437138362526041E-002
                 8800   3.2526797053310669E+019   7.9805723690571054E-002
                 9000   3.2526797053310669E+019   7.8290693703164771E-002
                 9200   3.2526797053310669E+019   7.8975827589038428E-002
                 9400   3.2526797053310669E+019   7.9153111823227082E-002
                 9600   3.2526797053310669E+019   8.0978695240482054E-002
                 9800   3.2526797053310669E+019   7.8615500906479091E-002
                10000   3.2526797053310669E+019   7.8937019713806511E-002
                10200   3.2526797053310669E+019   8.0662576763789087E-002
                10400   3.2526797053310669E+019   7.9290460947375477E-002
                10600   3.2526797053310669E+019   7.9501481182252837E-002
                10800   3.2526797053310669E+019   7.9583915676208747E-002
                11000   3.2526797053310669E+019   7.8659031228930310E-002
                11200   3.2526797053310669E+019   7.8480703356986453E-002
                11400   3.2526797053310669E+019   7.9762328966732007E-002
                11600   3.2526797053310669E+019   7.8564217746539211E-002
                11800   3.2526797053310669E+019   7.8295593076180212E-002
                12000   3.2526797053310669E+019   7.9806166852358362E-002
                12200   3.2526797053310669E+019   8.0950438851953521E-002
                12400   3.2526797053310669E+019   8.1118895091566487E-002
                12600   3.2526797053310669E+019   8.1945859933715157E-002
                12800   3.2526797053310669E+019   7.8897253580013288E-002
                13000   3.2526797053310669E+019   7.9691818749585447E-002
                13200   3.2526797053310669E+019   7.8436244976808012E-002
                13400   3.2526797053310669E+019   7.9952679112223687E-002
                13600   3.2526797053310669E+019   7.9146331687063212E-002
                13800   3.2526797053310669E+019   7.9200963931124010E-002
                14000   3.2526797053310669E+019   7.9208509616536998E-002
                14200   3.2526797053310669E+019   7.9441640260546689E-002
                14400   3.2526797053310669E+019   7.9176438059795268E-002
                14600   3.2526797053310669E+019   7.8553765351072502E-002
                14800   3.2526797053310669E+019   7.9084278744666295E-002
                15000   3.2526797053310669E+019   7.9829927596829456E-002
                15200   3.2526797053310669E+019   8.1178396853618634E-002
                15400   3.2526797053310669E+019   8.0030089612308689E-002
                15600   3.2526797053310669E+019   7.8428464414150717E-002
                15800   3.2526797053310669E+019   7.9908161364314945E-002
                16000   3.2526797053310669E+019   7.9336875823932923E-002
                16200   3.2526797053310669E+019   7.9449372359695222E-002
                16400   3.2526797053310669E+019   7.8766714470390145E-002
                16600   3.2526797053310669E+019   7.8789223087536261E-002
                16800   3.2526797053310669E+019   7.7474685631327755E-002
                17000   3.2526797053310669E+019   7.8718804327747846E-002
                17200   3.2526797053310669E+019   7.9199248470626246E-002
                17400   3.2526797053310669E+019   7.9889732012588144E-002
                17600   3.2526797053310669E+019   7.9990604815279920E-002
                17800   3.2526797053310669E+019   7.9669455425020436E-002
                18000   3.2526797053310669E+019   7.8151869139409177E-002
                18200   3.2526797053310669E+019   7.9087299660553112E-002
                18400   3.2526797053310669E+019   7.8867815011446657E-002
                18600   3.2526797053310669E+019   8.0379896088117297E-002
                18800   3.2526797053310669E+019   7.8287867515562465E-002
                19000   3.2526797053310669E+019   7.8913969868728701E-002
                19200   3.2526797053310669E+019   7.9559596350554915E-002
                19400   3.2526797053310669E+019   7.8493222379557998E-002
                19600   3.2526797053310669E+019   8.0034522835873409E-002
                19800   3.2526797053310669E+019   8.0145661335050827E-002
                20000   3.2526797053310669E+019   7.8249581844624147E-002
                20200   3.2526797053310669E+019   8.0045741965016765E-002
                20400   3.2526797053310669E+019   7.9444853272774632E-002
                20600   3.2526797053310669E+019   7.8445209114661379E-002
                20800   3.2526797053310669E+019   7.7556938391660307E-002
                21000   3.2526797053310669E+019   7.8468302716486721E-002
                21200   3.2526797053310669E+019   7.8770008674134709E-002
                21400   3.2526797053310669E+019   7.8157766391805314E-002
                21600   3.2526797053310669E+019   7.9323515278174286E-002
                21800   3.2526797053310669E+019   7.8452758404820425E-002
                22000   3.2526797053310669E+019   7.7925077895520653E-002
                22200   3.2526797053310669E+019   7.8527051008309742E-002
                22400   3.2526797053310669E+019   7.9454624918278774E-002
                22600   3.2526797053310669E+019   7.9345542948223588E-002
                22800   3.2526797053310669E+019   7.9123509095342742E-002
                23000   3.2526797053310669E+019   7.9556574803456417E-002
                23200   3.2526797053310669E+019   7.7531215603145909E-002
                23400   3.2526797053310669E+019   7.9353637826231269E-002
                23600   3.2526797053310669E+019   8.1334669043399532E-002
                23800   3.2526797053310669E+019   8.0935216533559895E-002
                24000   3.2526797053310669E+019   8.1920486280868926E-002
                24200   3.2526797053310669E+019   7.9945495566891248E-002
                24400   3.2526797053310669E+019   7.8895752490478102E-002
                24600   3.2526797053310669E+019   8.0243527946458573E-002
                24800   3.2526797053310669E+019   7.8982131061077376E-002
                25000   3.2526797053310669E+019   7.9709152183891033E-002
                25200   3.2526797053310669E+019   7.9389447861733145E-002
                25400   3.2526797053310669E+019   8.0130103990956505E-002
                25600   3.2526797053310669E+019   7.9245939081708253E-002
                25800   3.2526797053310669E+019   7.8399621545979375E-002
                26000   3.2526797053310669E+019   7.9984557923696131E-002
                26200   3.2526797053310669E+019   7.9008988355663945E-002
                26400   3.2526797053310669E+019   8.0754438390563565E-002
                26600   3.2526797053310669E+019   7.9371383615416874E-002
                26800   3.2526797053310669E+019   7.8892045586491627E-002
                27000   3.2526797053310669E+019   7.8625135111547062E-002
                27200   3.2526797053310669E+019   7.9556048615598909E-002
                27400   3.2526797053310669E+019   7.8388009387707763E-002
                27600   3.2526797053310669E+019   7.8674256075215554E-002
                27800   3.2526797053310669E+019   8.0668140537850791E-002
                28000   3.2526797053310669E+019   7.8985738168749139E-002
                28200   3.2526797053310669E+019   8.0526364806670955E-002
                28400   3.2526797053310669E+019   7.9516989632439375E-002
                28600   3.2526797053310669E+019   7.8587705487466311E-002
                28800   3.2526797053310669E+019   7.7808464905687186E-002
                29000   3.2526797053310669E+019   7.9246747759180419E-002
                29200   3.2526797053310669E+019   7.9700669725601039E-002
                29400   3.2526797053310669E+019   8.0638126634806906E-002
                29600   3.2526797053310669E+019   7.8499514454702712E-002
                29800   3.2526797053310669E+019   7.9921032509884499E-002
                30000   3.2526797053310669E+019   7.8434924340494122E-002
                30200   3.2526797053310669E+019   7.9338151831141887E-002
                30400   3.2526797053310669E+019   7.9153455158519903E-002
                30600   3.2526797053310669E+019   7.8609026511947164E-002
                30800   3.2526797053310669E+019   7.9279591766832511E-002
                31000   3.2526797053310669E+019   7.8350275921578061E-002
                31200   3.2526797053310669E+019   7.8560788080479727E-002
                31400   3.2526797053310669E+019   7.8584917557256148E-002
                31600   3.2526797053310669E+019   7.9955421056000495E-002
                31800   3.2526797053310669E+019   7.9422305307942365E-002
                32000   3.2526797053310669E+019   8.0786771603983371E-002
                32200   3.2526797053310669E+019   7.9511194770523111E-002
                32400   3.2526797053310669E+019   7.9080539619445597E-002
                32600   3.2526797053310669E+019   7.9139695669620744E-002
                32800   3.2526797053310669E+019   7.9231346720475868E-002
                33000   3.2526797053310669E+019   7.8526265403966039E-002
                33200   3.2526797053310669E+019   8.0406682721692227E-002
                33400   3.2526797053310669E+019   7.9078442806136254E-002
                33600   3.2526797053310669E+019   7.9305973517751441E-002
                33800   3.2526797053310669E+019   8.0187029201614524E-002
                34000   3.2526797053310669E+019   7.9948115337382178E-002
                34200   3.2526797053310669E+019   7.7967794279371797E-002
                34400   3.2526797053310669E+019   7.7914676834163477E-002
                34600   3.2526797053310669E+019   7.7998322531178832E-002
                34800   3.2526797053310669E+019   7.9146015889764013E-002
                35000   3.2526797053310669E+019   7.8043122353278746E-002
                35200   3.2526797053310669E+019   7.8336099931604009E-002
                35400   3.2526797053310669E+019   7.9163938688506394E-002
                35600   3.2526797053310669E+019   7.8116536284841151E-002
                35800   3.2526797053310669E+019   7.9154470530238080E-002
                36000   3.2526797053310669E+019   7.7506528828034771E-002
                36200   3.2526797053310669E+019   7.8635717866317581E-002
                36400   3.2526797053310669E+019   7.8952325357969061E-002
                36600   3.2526797053310669E+019   7.8534192026457811E-002
                36800   3.2526797053310669E+019   7.8843487340648055E-002
                37000   3.2526797053310669E+019   8.0072657870334185E-002
                37200   3.2526797053310669E+019   7.9600688661910543E-002
                37400   3.2526797053310669E+019   7.9069882094473201E-002
                37600   3.2526797053310669E+019   7.8534367641143354E-002
                37800   3.2526797053310669E+019   7.8681214406816635E-002
                38000   3.2526797053310669E+019   7.9407049381535463E-002
                38200   3.2526797053310669E+019   7.9912223947563726E-002
                38400   3.2526797053310669E+019   7.9154233782170264E-002
                38600   3.2526797053310669E+019   7.8281729711970824E-002
                38800   3.2526797053310669E+019   7.8956920676093265E-002
                39000   3.2526797053310669E+019   8.0028284851227038E-002
                39200   3.2526797053310669E+019   7.9472280158059877E-002
                39400   3.2526797053310669E+019   7.8439033358028598E-002
                39600   3.2526797053310669E+019   8.0183725342240289E-002
                39800   3.2526797053310669E+019   7.8802635669166496E-002
                40000   3.2526797053310669E+019   7.9913577759167867E-002
                40200   3.2526797053310669E+019   7.7793834063780626E-002
                40400   3.2526797053310669E+019   7.9090750771378601E-002
                40600   3.2526797053310669E+019   7.9231759780871949E-002
                40800   3.2526797053310669E+019   7.7510096058176770E-002
                41000   3.2526797053310669E+019   7.8803480033763418E-002
                41200   3.2526797053310669E+019   7.9408582338352796E-002
                41400   3.2526797053310669E+019   7.8398626204420299E-002
                41600   3.2526797053310669E+019   7.8855144446701747E-002
                41800   3.2526797053310669E+019   7.9430242571002230E-002
                42000   3.2526797053310669E+019   7.8709553648527816E-002
                42200   3.2526797053310669E+019   7.9863633416811478E-002
                42400   3.2526797053310669E+019   7.9103582579486242E-002
                42600   3.2526797053310669E+019   7.9520225053837712E-002
                42800   3.2526797053310669E+019   7.9463779779990140E-002
                43000   3.2526797053310669E+019   7.8789210235269413E-002
                43200   3.2526797053310669E+019   7.9385434242631225E-002
                43400   3.2526797053310669E+019   8.0421362965945570E-002
                43600   3.2526797053310669E+019   8.0805620100515216E-002
                43800   3.2526797053310669E+019   7.9804681055680268E-002
                44000   3.2526797053310669E+019   7.9082234195744394E-002
                44200   3.2526797053310669E+019   7.9458376396413677E-002
                44400   3.2526797053310669E+019   7.8764045114298548E-002
                44600   3.2526797053310669E+019   7.9057069580480963E-002
                44800   3.2526797053310669E+019   8.0432532763011766E-002
                45000   3.2526797053310669E+019   7.9969571253244151E-002
                45200   3.2526797053310669E+019   7.8537765262308060E-002
                45400   3.2526797053310669E+019   8.0146953502839471E-002
                45600   3.2526797053310669E+019   7.8443909356824298E-002
                45800   3.2526797053310669E+019   7.9100981318200300E-002
                46000   3.2526797053310669E+019   7.9422639059826924E-002
                46200   3.2526797053310669E+019   7.9217554395986184E-002
                46400   3.2526797053310669E+019   7.9463619393479720E-002
                46600   3.2526797053310669E+019   8.0173642358259717E-002
                46800   3.2526797053310669E+019   7.9361653223090356E-002
                47000   3.2526797053310669E+019   7.9085191527065224E-002
                47200   3.2526797053310669E+019   7.9128608715209103E-002
                47400   3.2526797053310669E+019   7.7756595514949692E-002
                47600   3.2526797053310669E+019   7.9148363077457040E-002
                47800   3.2526797053310669E+019   7.7252933778658162E-002
                48000   3.2526797053310669E+019   7.8630343348385950E-002
                48200   3.2526797053310669E+019   7.8346299472669717E-002
                48400   3.2526797053310669E+019   8.1707317430617710E-002
                48600   3.2526797053310669E+019   7.8144747066296816E-002
                48800   3.2526797053310669E+019   7.8940633268754029E-002
                49000   3.2526797053310669E+019   7.9785842519568703E-002
                49200   3.2526797053310669E+019   7.8115248276605903E-002
                49400   3.2526797053310669E+019   7.9390371926044853E-002
                49600   3.2526797053310669E+019   7.9781928565126115E-002
                49800   3.2526797053310669E+019   8.0976526034157198E-002
                50000   3.2526797053310669E+019   8.1013496970658128E-002
                50200   3.2526797053310669E+019   7.8200562683327299E-002
                50400   3.2526797053310669E+019   7.8978635394447536E-002
                50600   3.2526797053310669E+019   7.9988513684595558E-002
                50800   3.2526797053310669E+019   7.7737327657349614E-002
                51000   3.2526797053310669E+019   7.9524455500172717E-002
                51200   3.2526797053310669E+019   7.8607842238023848E-002
                51400   3.2526797053310669E+019   7.8633265552145934E-002
                51600   3.2526797053310669E+019   7.8998953685441728E-002
                51800   3.2526797053310669E+019   8.0604573605477042E-002
                52000   3.2526797053310669E+019   7.8783737608221258E-002
                52200   3.2526797053310669E+019   7.8127578589714350E-002
                52400   3.2526797053310669E+019   7.8630856434372870E-002
                52600   3.2526797053310669E+019   7.8445694448718864E-002
                52800   3.2526797053310669E+019   7.8899472923960351E-002
                53000   3.2526797053310669E+019   7.9718706820985988E-002
                53200   3.2526797053310669E+019   7.7869706254332371E-002
                53400   3.2526797053310669E+019   7.8424442870212316E-002
                53600   3.2526797053310669E+019   7.9894790227063570E-002
                53800   3.2526797053310669E+019   7.9357264669198180E-002
                54000   3.2526797053310669E+019   7.9818584635802603E-002
                54200   3.2526797053310669E+019   8.0096368338473556E-002
                54400   3.2526797053310669E+019   8.0878342443975015E-002
                54600   3.2526797053310669E+019   7.8961919020831869E-002
                54800   3.2526797053310669E+019   7.8903737502518931E-002
                55000   3.2526797053310669E+019   7.8803060792558735E-002
                55200   3.2526797053310669E+019   7.6893649412903345E-002
                55400   3.2526797053310669E+019   7.8939558351999908E-002
                55600   3.2526797053310669E+019   7.8807708819583600E-002
                55800   3.2526797053310669E+019   7.7431607348137046E-002
                56000   3.2526797053310669E+019   7.8018896918320133E-002
                56200   3.2526797053310669E+019   7.7526581709904743E-002
                56400   3.2526797053310669E+019   7.8034155632062993E-002
                56600   3.2526797053310669E+019   7.9022343317383628E-002
                56800   3.2526797053310669E+019   7.9323417354152950E-002
                57000   3.2526797053310669E+019   7.8181676561417834E-002
                57200   3.2526797053310669E+019   7.7607750861403632E-002
                57400   3.2526797053310669E+019   7.7915017642746040E-002
                57600   3.2526797053310669E+019   7.9367265015210686E-002
                57800   3.2526797053310669E+019   7.7789437678813925E-002
                58000   3.2526797053310669E+019   7.8335326221369073E-002
                58200   3.2526797053310669E+019   7.8024212252901931E-002
                58400   3.2526797053310669E+019   7.9939943507951319E-002
                58600   3.2526797053310669E+019   7.9054332739343092E-002
                58800   3.2526797053310669E+019   7.9234889244581386E-002
                59000   3.2526797053310669E+019   8.0231391065405194E-002
                59200   3.2526797053310669E+019   8.0084527630987709E-002
                59400   3.2526797053310669E+019   7.9953052008150380E-002
                59600   3.2526797053310669E+019   7.9450896891720232E-002
                59800   3.2526797053310669E+019   7.8521232146238198E-002
                60000   3.2526797053310669E+019   7.8881995912624472E-002
                60200   3.2526797053310669E+019   7.9839140668863912E-002
                60400   3.2526797053310669E+019   7.9510216806127715E-002
                60600   3.2526797053310669E+019   7.8213526287283008E-002
                60800   3.2526797053310669E+019   7.8413274035135094E-002
                61000   3.2526797053310669E+019   7.9662337974868949E-002
                61200   3.2526797053310669E+019   7.8769005600307015E-002
                61400   3.2526797053310669E+019   7.9714132122395046E-002
                61600   3.2526797053310669E+019   7.9535562886238073E-002
                61800   3.2526797053310669E+019   8.1058732813500567E-002
                62000   3.2526797053310669E+019   7.9099376291062853E-002
                62200   3.2526797053310669E+019   7.9097625278255868E-002
                62400   3.2526797053310669E+019   7.8632505246924847E-002
                62600   3.2526797053310669E+019   7.8248886224264083E-002
                62800   3.2526797053310669E+019   7.8718341872075714E-002
                63000   3.2526797053310669E+019   7.8824033823908762E-002
                63200   3.2526797053310669E+019   7.9591978055823631E-002
                63400   3.2526797053310669E+019   7.9257036282316423E-002
                63600   3.2526797053310669E+019   8.0235980174518023E-002
                63800   3.2526797053310669E+019   7.9405208536211108E-002
                64000   3.2526797053310669E+019   7.9872206306567300E-002
                64200   3.2526797053310669E+019   7.9287014299423753E-002
                64400   3.2526797053310669E+019   7.9560404204153168E-002
                64600   3.2526797053310669E+019   7.9326535790616617E-002
                64800   3.2526797053310669E+019   7.7807584003271216E-002
                65000   3.2526797053310669E+019   7.9419687869151281E-002
                65200   3.2526797053310669E+019   7.9549189045761345E-002
                65400   3.2526797053310669E+019   7.9717620110395820E-002
                65600   3.2526797053310669E+019   7.8787579981030351E-002
                65800   3.2526797053310669E+019   7.8407682218415570E-002
                66000   3.2526797053310669E+019   7.8492522072992968E-002
                66200   3.2526797053310669E+019   8.1213786578536604E-002
                66400   3.2526797053310669E+019   7.9477635744949343E-002
                66600   3.2526797053310669E+019   8.0349188475267619E-002
                66800   3.2526797053310669E+019   7.9842161465464578E-002
                67000   3.2526797053310669E+019   8.0662302787227733E-002
                67200   3.2526797053310669E+019   8.0084976365061220E-002
                67400   3.2526797053310669E+019   8.0000141877795194E-002
                67600   3.2526797053310669E+019   8.0045312083885503E-002
                67800   3.2526797053310669E+019   8.0247136536618566E-002
                68000   3.2526797053310669E+019   7.8724958744521900E-002
                68200   3.2526797053310669E+019   7.9160950542196504E-002
                68400   3.2526797053310669E+019   7.9293071743209639E-002
                68600   3.2526797053310669E+019   7.9093498695116796E-002
                68800   3.2526797053310669E+019   7.8410138708010918E-002
                69000   3.2526797053310669E+019   8.1029173373070237E-002
                69200   3.2526797053310669E+019   7.9118083784909699E-002
                69400   3.2526797053310669E+019   7.9748589580738924E-002
                69600   3.2526797053310669E+019   7.9012278162392688E-002
                69800   3.2526797053310669E+019   7.9980762449842174E-002
                70000   3.2526797053310669E+019   7.8732356280596674E-002
                70200   3.2526797053310669E+019   7.9184695628495824E-002
                70400   3.2526797053310669E+019   7.8467282883648015E-002
                70600   3.2526797053310669E+019   7.8876143676719260E-002
                70800   3.2526797053310669E+019   7.8278299683058855E-002
                71000   3.2526797053310669E+019   7.8437177808322434E-002
                71200   3.2526797053310669E+019   7.8481875012240271E-002
                71400   3.2526797053310669E+019   8.0009637701323466E-002
                71600   3.2526797053310669E+019   8.0219952652216348E-002
                71800   3.2526797053310669E+019   7.8541819441014196E-002
                72000   3.2526797053310669E+019   7.8798193603102029E-002
                72200   3.2526797053310669E+019   8.0400902956009213E-002
                72400   3.2526797053310669E+019   7.7514695206080578E-002
                72600   3.2526797053310669E+019   7.8236419762601025E-002
                72800   3.2526797053310669E+019   7.7571985355776224E-002
                73000   3.2526797053310669E+019   7.7944377984542484E-002
                73200   3.2526797053310669E+019   7.9195719703184647E-002
                73400   3.2526797053310669E+019   7.9948196153654547E-002
                73600   3.2526797053310669E+019   7.8881907539090051E-002
                73800   3.2526797053310669E+019   7.9967715159375202E-002
                74000   3.2526797053310669E+019   7.9037701554081047E-002
                74200   3.2526797053310669E+019   7.9591864013749694E-002
                74400   3.2526797053310669E+019   7.8536268014351443E-002
                74600   3.2526797053310669E+019   8.1268262837301430E-002
                74800   3.2526797053310669E+019   7.9546354989722359E-002
                75000   3.2526797053310669E+019   7.8712610082942308E-002
                75200   3.2526797053310669E+019   8.0188889600443791E-002
                75400   3.2526797053310669E+019   7.7927239421851813E-002
                75600   3.2526797053310669E+019   7.9537731081924037E-002
                75800   3.2526797053310669E+019   7.7997468496931205E-002
                76000   3.2526797053310669E+019   7.9753026051773493E-002
                76200   3.2526797053310669E+019   7.9081912265204210E-002
                76400   3.2526797053310669E+019   8.0596232606289522E-002
                76600   3.2526797053310669E+019   7.9591087437924715E-002
                76800   3.2526797053310669E+019   8.0048686041214082E-002
                77000   3.2526797053310669E+019   7.8274545171237095E-002
                77200   3.2526797053310669E+019   7.9509146641153064E-002
                77400   3.2526797053310669E+019   7.9218396809570810E-002
                77600   3.2526797053310669E+019   7.9217156105949676E-002
                77800   3.2526797053310669E+019   7.8486793462833160E-002
                78000   3.2526797053310669E+019   8.0417448415872395E-002
                78200   3.2526797053310669E+019   7.8635459749339484E-002
                78400   3.2526797053310669E+019   7.8552914256800430E-002
                78600   3.2526797053310669E+019   7.9085210411640572E-002
                78800   3.2526797053310669E+019   7.8018703763509195E-002
                79000   3.2526797053310669E+019   7.9499273104690363E-002
                79200   3.2526797053310669E+019   7.8145330867083002E-002
                79400   3.2526797053310669E+019   7.8989031763781789E-002
                79600   3.2526797053310669E+019   7.8671380748659217E-002
                79800   3.2526797053310669E+019   7.7941978274977772E-002
                80000   3.2526797053310669E+019   7.8922378944774149E-002
                80200   3.2526797053310669E+019   8.1177748662403723E-002
                80400   3.2526797053310669E+019   7.8853246804457711E-002
                80600   3.2526797053310669E+019   7.8337499656928281E-002
                80800   3.2526797053310669E+019   8.0566320255891999E-002
                81000   3.2526797053310669E+019   7.8743003072688583E-002
                81200   3.2526797053310669E+019   7.9640472100565851E-002
                81400   3.2526797053310669E+019   7.9578305479161712E-002
                81600   3.2526797053310669E+019   7.7922728694431745E-002
                81800   3.2526797053310669E+019   7.9232812810313108E-002
                82000   3.2526797053310669E+019   7.9236891678089200E-002
                82200   3.2526797053310669E+019   7.7034638920891241E-002
                82400   3.2526797053310669E+019   7.9240947768457026E-002
                82600   3.2526797053310669E+019   8.0352877846624954E-002
                82800   3.2526797053310669E+019   8.0463164485009106E-002
                83000   3.2526797053310669E+019   7.9872020972497432E-002
                83200   3.2526797053310669E+019   7.9573257526721744E-002
                83400   3.2526797053310669E+019   7.8321705925052054E-002
                83600   3.2526797053310669E+019   7.8440262275846676E-002
                83800   3.2526797053310669E+019   7.7412092406502986E-002
                84000   3.2526797053310669E+019   7.8373313047831322E-002
                84200   3.2526797053310669E+019   7.8641668788933625E-002
                84400   3.2526797053310669E+019   7.9628338427602696E-002
                84600   3.2526797053310669E+019   7.9671220750498414E-002
                84800   3.2526797053310669E+019   7.9324590608568335E-002
                85000   3.2526797053310669E+019   8.0352916885451819E-002
                85200   3.2526797053310669E+019   7.7501529152704529E-002
                85400   3.2526797053310669E+019   7.9022632283993657E-002
                85600   3.2526797053310669E+019   7.9564806917610600E-002
                85800   3.2526797053310669E+019   7.8552911699926703E-002
                86000   3.2526797053310669E+019   7.7614880440699904E-002
                86200   3.2526797053310669E+019   7.9642456918555801E-002
                86400   3.2526797053310669E+019   8.0763757765298608E-002
                86600   3.2526797053310669E+019   7.8381830730770694E-002
                86800   3.2526797053310669E+019   7.8423157560535417E-002
                87000   3.2526797053310669E+019   7.9496542134027681E-002
                87200   3.2526797053310669E+019   7.8379070849914786E-002
                87400   3.2526797053310669E+019   7.9420956614965690E-002
                87600   3.2526797053310669E+019   8.0482506849009719E-002
                87800   3.2526797053310669E+019   7.8377174619857770E-002
                88000   3.2526797053310669E+019   8.0090105825002797E-002
                88200   3.2526797053310669E+019   7.8737807788491029E-002
                88400   3.2526797053310669E+019   7.8592894953775652E-002
                88600   3.2526797053310669E+019   8.0206802150482384E-002
                88800   3.2526797053310669E+019   7.9942494200622202E-002
                89000   3.2526797053310669E+019   8.1032663720077600E-002
                89200   3.2526797053310669E+019   7.9014000176119398E-002
                89400   3.2526797053310669E+019   7.9635332346596838E-002
                89600   3.2526797053310669E+019   7.9602990437150800E-002
                89800   3.2526797053310669E+019   7.9201606353732718E-002
                90000   3.2526797053310669E+019   8.0433316310049172E-002
                90200   3.2526797053310669E+019   7.8075682484483905E-002
                90400   3.2526797053310669E+019   7.9853353174764344E-002
                90600   3.2526797053310669E+019   7.9242798780966309E-002
                90800   3.2526797053310669E+019   7.9544860947854415E-002
                91000   3.2526797053310669E+019   7.8557292710525223E-002
                91200   3.2526797053310669E+019   7.9214113099923128E-002
                91400   3.2526797053310669E+019   7.9455571794905144E-002
                91600   3.2526797053310669E+019   8.0165070356323115E-002
                91800   3.2526797053310669E+019   7.8791416190955449E-002
                92000   3.2526797053310669E+019   7.8400223799569263E-002
                92200   3.2526797053310669E+019   8.0924810988142040E-002
                92400   3.2526797053310669E+019   7.8649703890700529E-002
                92600   3.2526797053310669E+019   7.8176160326322047E-002
                92800   3.2526797053310669E+019   7.7960189858932716E-002
                93000   3.2526797053310669E+019   7.8900385244504906E-002
                93200   3.2526797053310669E+019   7.8861387884542222E-002
                93400   3.2526797053310669E+019   8.0297495888810647E-002
                93600   3.2526797053310669E+019   7.9140820768633310E-002
                93800   3.2526797053310669E+019   7.8163727507902195E-002
                94000   3.2526797053310669E+019   7.8085427726508394E-002
                94200   3.2526797053310669E+019   7.9531340459090050E-002
                94400   3.2526797053310669E+019   7.9302234787204481E-002
                94600   3.2526797053310669E+019   7.8076193656311813E-002
                94800   3.2526797053310669E+019   8.0136733088566239E-002
                95000   3.2526797053310669E+019   8.0228134955670272E-002
                95200   3.2526797053310669E+019   7.9053149706047376E-002
                95400   3.2526797053310669E+019   7.8658193595831399E-002
                95600   3.2526797053310669E+019   7.9398350737928461E-002
                95800   3.2526797053310669E+019   8.1642109171527255E-002
                96000   3.2526797053310669E+019   7.8432900345752538E-002
                96200   3.2526797053310669E+019   8.0074546198631996E-002
                96400   3.2526797053310669E+019   7.9329481045321365E-002
                96600   3.2526797053310669E+019   7.7215934526222330E-002
                96800   3.2526797053310669E+019   7.8374884793457167E-002
                97000   3.2526797053310669E+019   8.0493067785884179E-002
                97200   3.2526797053310669E+019   7.9658586783449697E-002
                97400   3.2526797053310669E+019   7.8872869804543208E-002
                97600   3.2526797053310669E+019   7.7214110348118745E-002
                97800   3.2526797053310669E+019   7.8174528685096875E-002
                98000   3.2526797053310669E+019   7.9965521345003621E-002
                98200   3.2526797053310669E+019   8.0265391532938407E-002
                98400   3.2526797053310669E+019   7.9205614140901867E-002
                98600   3.2526797053310669E+019   7.8963082654638361E-002
                98800   3.2526797053310669E+019   8.0504065172415165E-002
                99000   3.2526797053310669E+019   8.0707303554847426E-002
                99200   3.2526797053310669E+019   7.9032460280454964E-002
                99400   3.2526797053310669E+019   7.9280648595667760E-002
                99600   3.2526797053310669E+019   7.8580440401620960E-002
                99800   3.2526797053310669E+019   7.9736566161670783E-002
               100000   3.2526797053310669E+019   7.9802299307932492E-002
               100200   3.2526797053310669E+019   7.8883857459366283E-002
               100400   3.2526797053310669E+019   7.9011159594256197E-002
               100600   3.2526797053310669E+019   7.9495850185822184E-002
               100800   3.2526797053310669E+019   7.9496288854477778E-002
               101000   3.2526797053310669E+019   7.9355185381112220E-002
               101200   3.2526797053310669E+019   8.0122867454355984E-002
               101400   3.2526797053310669E+019   7.9702060859049031E-002
               101600   3.2526797053310669E+019   7.9157012164565804E-002
               101800   3.2526797053310669E+019   7.9307656425516723E-002
               102000   3.2526797053310669E+019   7.9690410702685954E-002
               102200   3.2526797053310669E+019   8.0485891217101813E-002
               102400   3.2526797053310669E+019   7.8306559088106173E-002
               102600   3.2526797053310669E+019   8.0168500177092414E-002
               102800   3.2526797053310669E+019   8.0338791675565777E-002
               103000   3.2526797053310669E+019   7.9218772508765870E-002
               103200   3.2526797053310669E+019   7.9438131131472509E-002
               103400   3.2526797053310669E+019   8.0396637235095963E-002
               103600   3.2526797053310669E+019   7.9283788984842091E-002
               103800   3.2526797053310669E+019   8.0074210849226127E-002
               104000   3.2526797053310669E+019   7.9048514404485529E-002
               104200   3.2526797053310669E+019   7.9212867207299850E-002
               104400   3.2526797053310669E+019   7.8950314216549022E-002
               104600   3.2526797053310669E+019   7.8275161118982445E-002
               104800   3.2526797053310669E+019   8.0776904001539945E-002
               105000   3.2526797053310669E+019   7.9441913428265357E-002
               105200   3.2526797053310669E+019   7.8365807534482218E-002
               105400   3.2526797053310669E+019   7.9200673435522922E-002
               105600   3.2526797053310669E+019   7.8093047874262578E-002
               105800   3.2526797053310669E+019   7.8331324544779687E-002
               106000   3.2526797053310669E+019   7.8523759846435962E-002
               106200   3.2526797053310669E+019   7.7238787086636798E-002
               106400   3.2526797053310669E+019   7.9836454515087363E-002
               106600   3.2526797053310669E+019   8.0145907956224602E-002
               106800   3.2526797053310669E+019   8.0822130625862854E-002
               107000   3.2526797053310669E+019   7.9620667597583808E-002
               107200   3.2526797053310669E+019   7.9211243199436426E-002
               107400   3.2526797053310669E+019   7.9881253931112423E-002
               107600   3.2526797053310669E+019   7.9128252112999883E-002
               107800   3.2526797053310669E+019   7.9782488872787716E-002
               108000   3.2526797053310669E+019   7.7580401837405111E-002
               108200   3.2526797053310669E+019   7.8494890239903095E-002
               108400   3.2526797053310669E+019   7.8762077664823418E-002
               108600   3.2526797053310669E+019   7.9410181103401645E-002
               108800   3.2526797053310669E+019   7.8217956751005194E-002
               109000   3.2526797053310669E+019   7.8716752027437775E-002
               109200   3.2526797053310669E+019   8.0097724316384011E-002
               109400   3.2526797053310669E+019   7.9275526858934783E-002
               109600   3.2526797053310669E+019   8.0670867063823704E-002
               109800   3.2526797053310669E+019   7.8816040301809692E-002
               110000   3.2526797053310669E+019   7.9055538546323953E-002
               110200   3.2526797053310669E+019   7.9718920235385224E-002
               110400   3.2526797053310669E+019   8.0780491441996102E-002
               110600   3.2526797053310669E+019   7.8561651889117595E-002
               110800   3.2526797053310669E+019   7.8583647742978172E-002
               111000   3.2526797053310669E+019   7.7381066680548935E-002
               111200   3.2526797053310669E+019   7.9505468561004988E-002
               111400   3.2526797053310669E+019   7.9657917142920254E-002
               111600   3.2526797053310669E+019   7.9305678172695321E-002
               111800   3.2526797053310669E+019   8.0060094951237185E-002
               112000   3.2526797053310669E+019   7.8438861310135194E-002
               112200   3.2526797053310669E+019   7.9665768519603608E-002
               112400   3.2526797053310669E+019   7.8991715448313890E-002
               112600   3.2526797053310669E+019   7.9238779329480619E-002
               112800   3.2526797053310669E+019   7.9036169587104521E-002
               113000   3.2526797053310669E+019   8.1572866071316585E-002
               113200   3.2526797053310669E+019   7.9204173698174410E-002
               113400   3.2526797053310669E+019   7.9189645454721444E-002
               113600   3.2526797053310669E+019   7.9362640096906134E-002
               113800   3.2526797053310669E+019   7.8164413285652434E-002
               114000   3.2526797053310669E+019   7.9872344135506868E-002
               114200   3.2526797053310669E+019   7.9249286245587913E-002
               114400   3.2526797053310669E+019   7.9442797026959763E-002
               114600   3.2526797053310669E+019   7.8781674139958846E-002
               114800   3.2526797053310669E+019   7.8280980094310310E-002
               115000   3.2526797053310669E+019   7.8554437068985225E-002
               115200   3.2526797053310669E+019   7.9304662561442599E-002
               115400   3.2526797053310669E+019   7.7480267406728462E-002
               115600   3.2526797053310669E+019   7.9184379006148942E-002
               115800   3.2526797053310669E+019   7.8743789762235686E-002
               116000   3.2526797053310669E+019   7.8619352252343497E-002
               116200   3.2526797053310669E+019   7.8036198508687635E-002
               116400   3.2526797053310669E+019   7.8763146840424611E-002
               116600   3.2526797053310669E+019   8.0396027878548409E-002
               116800   3.2526797053310669E+019   7.9379186238242319E-002
               117000   3.2526797053310669E+019   7.9556782897643716E-002
               117200   3.2526797053310669E+019   7.9520092870226280E-002
               117400   3.2526797053310669E+019   7.8615136198328897E-002
               117600   3.2526797053310669E+019   7.8561190959259508E-002
               117800   3.2526797053310669E+019   7.8655437697277134E-002
               118000   3.2526797053310669E+019   7.9734783441467352E-002
               118200   3.2526797053310669E+019   8.0354316538559289E-002
               118400   3.2526797053310669E+019   8.0560299509856020E-002
               118600   3.2526797053310669E+019   7.8314986748825977E-002
               118800   3.2526797053310669E+019   7.9097378860856410E-002
               119000   3.2526797053310669E+019   7.9971691915978207E-002
               119200   3.2526797053310669E+019   8.0037955221969465E-002
               119400   3.2526797053310669E+019   7.8444702102385355E-002
               119600   3.2526797053310669E+019   7.7994786478812347E-002
               119800   3.2526797053310669E+019   7.9572394174658251E-002
               120000   3.2526797053310669E+019   7.9521162109547447E-002
               120200   3.2526797053310669E+019   7.8899955644143649E-002
               120400   3.2526797053310669E+019   8.1100563885347199E-002
               120600   3.2526797053310669E+019   8.0236826175112838E-002
               120800   3.2526797053310669E+019   7.9630583535605870E-002
               121000   3.2526797053310669E+019   7.9082805187560973E-002
               121200   3.2526797053310669E+019   7.8022525150624897E-002
               121400   3.2526797053310669E+019   8.0754437002498958E-002
               121600   3.2526797053310669E+019   7.9873654543581502E-002
               121800   3.2526797053310669E+019   8.0577204490894949E-002
               122000   3.2526797053310669E+019   8.0660408944137368E-002
               122200   3.2526797053310669E+019   7.9799588055104884E-002
               122400   3.2526797053310669E+019   8.0141503213307236E-002
               122600   3.2526797053310669E+019   7.9548752658164606E-002
               122800   3.2526797053310669E+019   7.8735673738609777E-002
               123000   3.2526797053310669E+019   7.9885994698929153E-002
               123200   3.2526797053310669E+019   7.8266900124469477E-002
               123400   3.2526797053310669E+019   7.9528439678808238E-002
               123600   3.2526797053310669E+019   7.8193126478830477E-002
               123800   3.2526797053310669E+019   7.9898165900398499E-002
               124000   3.2526797053310669E+019   8.0491398694785693E-002
               124200   3.2526797053310669E+019   7.9819502793715649E-002
               124400   3.2526797053310669E+019   7.9086119421903536E-002
               124600   3.2526797053310669E+019   7.8222768037375295E-002
               124800   3.2526797053310669E+019   8.0140387484185005E-002
               125000   3.2526797053310669E+019   8.1243449847003213E-002
               125200   3.2526797053310669E+019   8.0695267222407649E-002
               125400   3.2526797053310669E+019   7.8601374534771340E-002
               125600   3.2526797053310669E+019   7.9935151054093892E-002
               125800   3.2526797053310669E+019   7.9698705729327066E-002
               126000   3.2526797053310669E+019   8.0367694207241533E-002
               126200   3.2526797053310669E+019   8.0905894542680878E-002
               126400   3.2526797053310669E+019   7.9205004927581174E-002
               126600   3.2526797053310669E+019   7.8636100832569486E-002
               126800   3.2526797053310669E+019   7.9290774637649081E-002
               127000   3.2526797053310669E+019   7.9998631679676274E-002
               127200   3.2526797053310669E+019   8.0655631323104382E-002
               127400   3.2526797053310669E+019   7.8978741205303848E-002
               127600   3.2526797053310669E+019   7.8756835273074616E-002
               127800   3.2526797053310669E+019   8.0015964563340203E-002
               128000   3.2526797053310669E+019   7.9479591874147576E-002
               128200   3.2526797053310669E+019   7.9289236545278613E-002
               128400   3.2526797053310669E+019   8.0096360400464917E-002
               128600   3.2526797053310669E+019   7.8399956816517541E-002
               128800   3.2526797053310669E+019   7.9971078766142664E-002
               129000   3.2526797053310669E+019   7.8885368246857990E-002
               129200   3.2526797053310669E+019   7.7986204029922235E-002
               129400   3.2526797053310669E+019   7.9501998858526712E-002
               129600   3.2526797053310669E+019   7.8116553422703572E-002
               129800   3.2526797053310669E+019   7.9748760711079544E-002
               130000   3.2526797053310669E+019   7.9573574193959842E-002
               130200   3.2526797053310669E+019   7.9334741428705127E-002
               130400   3.2526797053310669E+019   7.8997585127345005E-002
               130600   3.2526797053310669E+019   7.9301208156894620E-002
               130800   3.2526797053310669E+019   7.8531901598536735E-002
               131000   3.2526797053310669E+019   7.8700175414593690E-002
               131200   3.2526797053310669E+019   8.0483489491438520E-002
               131400   3.2526797053310669E+019   7.9719627791660211E-002
               131600   3.2526797053310669E+019   7.9208492434063929E-002
               131800   3.2526797053310669E+019   7.9936264539142834E-002
               132000   3.2526797053310669E+019   7.9250471370207576E-002
               132200   3.2526797053310669E+019   7.7866927136445926E-002
               132400   3.2526797053310669E+019   7.8807321321682139E-002
               132600   3.2526797053310669E+019   8.0118021858773952E-002
               132800   3.2526797053310669E+019   7.9332909736691562E-002
               133000   3.2526797053310669E+019   7.9881320111044277E-002
               133200   3.2526797053310669E+019   8.0014974700777980E-002
               133400   3.2526797053310669E+019   7.9564970308916877E-002
               133600   3.2526797053310669E+019   7.9264872182465668E-002
               133800   3.2526797053310669E+019   7.9561455972736228E-002
               134000   3.2526797053310669E+019   8.0030180471525700E-002
               134200   3.2526797053310669E+019   7.9511418897697875E-002
               134400   3.2526797053310669E+019   7.8503607303820416E-002
               134600   3.2526797053310669E+019   7.9780312884874194E-002
               134800   3.2526797053310669E+019   7.8007821330906724E-002
               135000   3.2526797053310669E+019   7.9907181660361384E-002
               135200   3.2526797053310669E+019   8.0207366951852627E-002
               135400   3.2526797053310669E+019   7.9854609934679577E-002
               135600   3.2526797053310669E+019   8.0565346359211976E-002
               135800   3.2526797053310669E+019   7.9280836572251115E-002
               136000   3.2526797053310669E+019   7.8683674487658964E-002
               136200   3.2526797053310669E+019   7.9289705730978197E-002
               136400   3.2526797053310669E+019   8.1033915358897771E-002
               136600   3.2526797053310669E+019   7.9319567925967116E-002
               136800   3.2526797053310669E+019   8.0169091426670475E-002
               137000   3.2526797053310669E+019   8.1444928997359070E-002
               137200   3.2526797053310669E+019   8.0662696968610892E-002
               137400   3.2526797053310669E+019   7.9798912048679338E-002
               137600   3.2526797053310669E+019   8.1539439526991025E-002
               137800   3.2526797053310669E+019   7.9913108514250639E-002
               138000   3.2526797053310669E+019   7.9569514978943795E-002
               138200   3.2526797053310669E+019   7.9594805208115377E-002
               138400   3.2526797053310669E+019   7.8564358574439205E-002
               138600   3.2526797053310669E+019   7.9174687090837137E-002
               138800   3.2526797053310669E+019   7.9966842037033872E-002
               139000   3.2526797053310669E+019   7.9552291966109634E-002
               139200   3.2526797053310669E+019   8.0206340339536261E-002
               139400   3.2526797053310669E+019   7.8780035910614304E-002
               139600   3.2526797053310669E+019   8.0702156747589557E-002
               139800   3.2526797053310669E+019   7.9270868752490092E-002
               140000   3.2526797053310669E+019   7.9721721063229306E-002
               140200   3.2526797053310669E+019   7.9880268038538774E-002
               140400   3.2526797053310669E+019   7.9681749546587202E-002
               140600   3.2526797053310669E+019   8.0085920724869683E-002
               140800   3.2526797053310669E+019   8.0670974771861831E-002
               141000   3.2526797053310669E+019   7.8607492651946262E-002
               141200   3.2526797053310669E+019   7.7703145968684467E-002
               141400   3.2526797053310669E+019   7.7037661395177537E-002
               141600   3.2526797053310669E+019   7.8072100214485227E-002
               141800   3.2526797053310669E+019   7.8310947141186998E-002
               142000   3.2526797053310669E+019   7.9238437172528153E-002
               142200   3.2526797053310669E+019   7.9637986923684831E-002
               142400   3.2526797053310669E+019   7.9993229542806771E-002
               142600   3.2526797053310669E+019   7.8515467112921941E-002
               142800   3.2526797053310669E+019   7.9328608397312109E-002
               143000   3.2526797053310669E+019   7.9782139363730034E-002
               143200   3.2526797053310669E+019   7.9788225917360150E-002
               143400   3.2526797053310669E+019   7.9582577720403697E-002
               143600   3.2526797053310669E+019   7.9502773695596315E-002
               143800   3.2526797053310669E+019   7.9211134299335351E-002
               144000   3.2526797053310669E+019   8.0996564972847879E-002
               144200   3.2526797053310669E+019   7.8981008354940721E-002
               144400   3.2526797053310669E+019   7.9502803894537774E-002
               144600   3.2526797053310669E+019   7.9094416327757822E-002
               144800   3.2526797053310669E+019   7.9565732856874308E-002
               145000   3.2526797053310669E+019   7.7980104215014931E-002
               145200   3.2526797053310669E+019   7.9599582750572787E-002
               145400   3.2526797053310669E+019   7.9367175442475790E-002
               145600   3.2526797053310669E+019   7.8980004697233874E-002
               145800   3.2526797053310669E+019   7.8512840499026737E-002
               146000   3.2526797053310669E+019   7.9503433147591979E-002
               146200   3.2526797053310669E+019   7.8350978283915892E-002
               146400   3.2526797053310669E+019   7.9802801689061828E-002
               146600   3.2526797053310669E+019   7.7940757828093385E-002
               146800   3.2526797053310669E+019   7.7737015655286526E-002
               147000   3.2526797053310669E+019   7.8454705241679329E-002
               147200   3.2526797053310669E+019   8.0310075364184746E-002
               147400   3.2526797053310669E+019   7.9819869336253388E-002
               147600   3.2526797053310669E+019   7.8921057726760654E-002
               147800   3.2526797053310669E+019   8.0843451287601203E-002
               148000   3.2526797053310669E+019   7.9094124403484289E-002
               148200   3.2526797053310669E+019   7.9294827951478533E-002
               148400   3.2526797053310669E+019   7.8848502650729707E-002
               148600   3.2526797053310669E+019   7.8213231848927409E-002
               148800   3.2526797053310669E+019   7.9947709046471513E-002
               149000   3.2526797053310669E+019   7.9680202926329768E-002
               149200   3.2526797053310669E+019   7.9324282422057052E-002
               149400   3.2526797053310669E+019   8.1374612080171341E-002
               149600   3.2526797053310669E+019   7.9494137707390458E-002
               149800   3.2526797053310669E+019   7.9076615888322072E-002
               150000   3.2526797053310669E+019   7.8429243440224103E-002
               150200   3.2526797053310669E+019   7.9810525850921535E-002
               150400   3.2526797053310669E+019   7.8123145324579868E-002
               150600   3.2526797053310669E+019   7.7753887164220201E-002
               150800   3.2526797053310669E+019   7.8285171791309144E-002
               151000   3.2526797053310669E+019   7.9491262227753823E-002
               151200   3.2526797053310669E+019   7.8341222288680831E-002
               151400   3.2526797053310669E+019   7.8306774338430099E-002
               151600   3.2526797053310669E+019   7.9286750123908137E-002
               151800   3.2526797053310669E+019   7.8849010728973296E-002
               152000   3.2526797053310669E+019   7.9525745349205396E-002
               152200   3.2526797053310669E+019   7.9629592071956079E-002
               152400   3.2526797053310669E+019   7.8159996536209184E-002
               152600   3.2526797053310669E+019   7.9444739603812167E-002
               152800   3.2526797053310669E+019   7.8989856457323870E-002
               153000   3.2526797053310669E+019   7.9764425080376594E-002
               153200   3.2526797053310669E+019   8.0057565886638121E-002
               153400   3.2526797053310669E+019   7.9028955940367185E-002
               153600   3.2526797053310669E+019   7.9265651065029072E-002
               153800   3.2526797053310669E+019   7.9689838553656717E-002
               154000   3.2526797053310669E+019   7.9844901717943104E-002
               154200   3.2526797053310669E+019   7.9145130141658401E-002
               154400   3.2526797053310669E+019   7.8050719408124622E-002
               154600   3.2526797053310669E+019   7.9239698265430397E-002
               154800   3.2526797053310669E+019   8.0199912340509882E-002
               155000   3.2526797053310669E+019   7.9207512512336001E-002
               155200   3.2526797053310669E+019   7.9403187220088642E-002
               155400   3.2526797053310669E+019   7.8904325350563201E-002
               155600   3.2526797053310669E+019   7.9288900959130937E-002
               155800   3.2526797053310669E+019   7.9574121121631994E-002
               156000   3.2526797053310669E+019   8.0136000949285954E-002
               156200   3.2526797053310669E+019   8.0793435554406393E-002
               156400   3.2526797053310669E+019   7.9445475014106884E-002
               156600   3.2526797053310669E+019   7.9042065096943823E-002
               156800   3.2526797053310669E+019   8.1625600512111970E-002
               157000   3.2526797053310669E+019   7.8180828678575315E-002
               157200   3.2526797053310669E+019   8.0867578348738534E-002
               157400   3.2526797053310669E+019   7.7255586811361188E-002
               157600   3.2526797053310669E+019   7.7837913200822229E-002
               157800   3.2526797053310669E+019   7.9440625739593929E-002
               158000   3.2526797053310669E+019   7.9141445409793718E-002
               158200   3.2526797053310669E+019   7.7660110333662893E-002
               158400   3.2526797053310669E+019   7.8437565742387930E-002
               158600   3.2526797053310669E+019   7.9803559060354842E-002
               158800   3.2526797053310669E+019   7.8117283255797240E-002
               159000   3.2526797053310669E+019   7.8826282902069222E-002
               159200   3.2526797053310669E+019   7.9005591372453859E-002
               159400   3.2526797053310669E+019   7.9603965890380476E-002
               159600   3.2526797053310669E+019   7.8212375981784266E-002
               159800   3.2526797053310669E+019   7.8794617601834330E-002
               160000   3.2526797053310669E+019   7.8210832464975788E-002
               160200   3.2526797053310669E+019   7.9225544589825614E-002
               160400   3.2526797053310669E+019   7.8897407649688320E-002
               160600   3.2526797053310669E+019   7.9558356544870465E-002
               160800   3.2526797053310669E+019   7.9475453833626655E-002
               161000   3.2526797053310669E+019   7.9167961671340090E-002
               161200   3.2526797053310669E+019   7.8407107299539869E-002
               161400   3.2526797053310669E+019   7.9253875825250161E-002
               161600   3.2526797053310669E+019   7.8841686130845676E-002
               161800   3.2526797053310669E+019   8.0732247108801128E-002
               162000   3.2526797053310669E+019   7.9600342296102300E-002
               162200   3.2526797053310669E+019   7.9574281290967025E-002
               162400   3.2526797053310669E+019   8.0774754530461887E-002
               162600   3.2526797053310669E+019   7.9657537008972365E-002
               162800   3.2526797053310669E+019   8.1005345574360385E-002
               163000   3.2526797053310669E+019   7.8629187361386188E-002
               163200   3.2526797053310669E+019   7.8360736220692437E-002
               163400   3.2526797053310669E+019   7.9203991532231205E-002
               163600   3.2526797053310669E+019   7.8017820154737974E-002
               163800   3.2526797053310669E+019   8.0886666020962658E-002
               164000   3.2526797053310669E+019   7.9508277603588542E-002
               164200   3.2526797053310669E+019   7.9432610025019945E-002
               164400   3.2526797053310669E+019   7.9162366071476600E-002
               164600   3.2526797053310669E+019   7.9218109219800548E-002
               164800   3.2526797053310669E+019   7.9520091173196694E-002
               165000   3.2526797053310669E+019   7.9810437505497003E-002
               165200   3.2526797053310669E+019   7.9627650442775685E-002
               165400   3.2526797053310669E+019   8.0254734819044063E-002
               165600   3.2526797053310669E+019   7.9603082830932800E-002
               165800   3.2526797053310669E+019   7.8577150891471229E-002
               166000   3.2526797053310669E+019   7.9530990281902941E-002
               166200   3.2526797053310669E+019   7.8769918338948350E-002
               166400   3.2526797053310669E+019   8.0114216822258486E-002
               166600   3.2526797053310669E+019   7.8416318493069917E-002
               166800   3.2526797053310669E+019   7.8781587200977637E-002
               167000   3.2526797053310669E+019   7.8427908696552043E-002
               167200   3.2526797053310669E+019   7.8269450205612393E-002
               167400   3.2526797053310669E+019   8.0044977690014799E-002
               167600   3.2526797053310669E+019   7.8562078607152627E-002
               167800   3.2526797053310669E+019   7.9325426570129420E-002
               168000   3.2526797053310669E+019   7.8583340503310228E-002
               168200   3.2526797053310669E+019   7.8730907264315822E-002
               168400   3.2526797053310669E+019   8.0246656811502670E-002
               168600   3.2526797053310669E+019   8.1643402036693694E-002
               168800   3.2526797053310669E+019   7.9565813336558558E-002
               169000   3.2526797053310669E+019   7.9775211497392487E-002
               169200   3.2526797053310669E+019   7.9087722379841824E-002
               169400   3.2526797053310669E+019   7.9634715463354017E-002
               169600   3.2526797053310669E+019   8.1468039208264870E-002
               169800   3.2526797053310669E+019   7.9511947228714547E-002
               170000   3.2526797053310669E+019   8.0880655575038651E-002
               170200   3.2526797053310669E+019   7.9063337700699093E-002
               170400   3.2526797053310669E+019   8.0930110450204540E-002
               170600   3.2526797053310669E+019   7.7747383296495554E-002
               170800   3.2526797053310669E+019   8.0654467186036555E-002
               171000   3.2526797053310669E+019   7.9444334829921442E-002
               171200   3.2526797053310669E+019   8.0382618184970195E-002
               171400   3.2526797053310669E+019   7.9945455961913464E-002
               171600   3.2526797053310669E+019   8.0283648638207680E-002
               171800   3.2526797053310669E+019   7.8977376295045643E-002
               172000   3.2526797053310669E+019   7.8449477898793932E-002
               172200   3.2526797053310669E+019   8.0514458759855884E-002
               172400   3.2526797053310669E+019   7.9900231872755426E-002
               172600   3.2526797053310669E+019   7.9089063154055700E-002
               172800   3.2526797053310669E+019   7.7934961351028481E-002
               173000   3.2526797053310669E+019   7.8655813763282262E-002
               173200   3.2526797053310669E+019   7.8767367821720363E-002
               173400   3.2526797053310669E+019   7.8236680324701477E-002
               173600   3.2526797053310669E+019   7.7728676854856266E-002
               173800   3.2526797053310669E+019   8.0103613530198667E-002
               174000   3.2526797053310669E+019   7.8673191980997606E-002
               174200   3.2526797053310669E+019   7.8835972157725309E-002
               174400   3.2526797053310669E+019   8.0428280846564157E-002
               174600   3.2526797053310669E+019   7.9987306257218060E-002
               174800   3.2526797053310669E+019   8.1423709292963095E-002
               175000   3.2526797053310669E+019   7.9827799304882804E-002
               175200   3.2526797053310669E+019   7.9309646899646119E-002
               175400   3.2526797053310669E+019   8.0034473719326926E-002
               175600   3.2526797053310669E+019   8.0461736661210675E-002
               175800   3.2526797053310669E+019   8.0116899119298812E-002
               176000   3.2526797053310669E+019   7.7917664003389342E-002
               176200   3.2526797053310669E+019   7.9960913349432547E-002
               176400   3.2526797053310669E+019   7.9247481297799557E-002
               176600   3.2526797053310669E+019   8.0225718639095209E-002
               176800   3.2526797053310669E+019   7.9950905646681489E-002
               177000   3.2526797053310669E+019   7.9686668686143811E-002
               177200   3.2526797053310669E+019   7.8646049996867654E-002
               177400   3.2526797053310669E+019   7.8833406730793212E-002
               177600   3.2526797053310669E+019   7.9240216768850666E-002
               177800   3.2526797053310669E+019   8.1344721164412923E-002
               178000   3.2526797053310669E+019   8.1380123274431240E-002
               178200   3.2526797053310669E+019   8.1687736339393691E-002
               178400   3.2526797053310669E+019   7.9303487503258469E-002
               178600   3.2526797053310669E+019   7.9183988313574635E-002
               178800   3.2526797053310669E+019   7.8309900104530622E-002
               179000   3.2526797053310669E+019   8.0610529230572797E-002
               179200   3.2526797053310669E+019   8.0157925853613921E-002
               179400   3.2526797053310669E+019   7.9103548688089012E-002
               179600   3.2526797053310669E+019   7.9676378148805835E-002
               179800   3.2526797053310669E+019   8.2048960772883775E-002
               180000   3.2526797053310669E+019   7.9874666710561829E-002
               180200   3.2526797053310669E+019   7.8848160247179902E-002
               180400   3.2526797053310669E+019   7.8445783765948296E-002
               180600   3.2526797053310669E+019   8.0588424350701265E-002
               180800   3.2526797053310669E+019   7.9038476028368304E-002
               181000   3.2526797053310669E+019   7.7232295087291444E-002
               181200   3.2526797053310669E+019   7.7684272894794584E-002
               181400   3.2526797053310669E+019   7.9383070788954513E-002
               181600   3.2526797053310669E+019   7.7486947378414148E-002
               181800   3.2526797053310669E+019   7.8016718426584142E-002
               182000   3.2526797053310669E+019   7.9175489528351004E-002
               182200   3.2526797053310669E+019   7.8617062137249671E-002
               182400   3.2526797053310669E+019   7.9293894782575369E-002
               182600   3.2526797053310669E+019   7.9751547195637651E-002
               182800   3.2526797053310669E+019   8.0290177655130510E-002
               183000   3.2526797053310669E+019   7.9318576061417359E-002
               183200   3.2526797053310669E+019   7.9855356385822154E-002
               183400   3.2526797053310669E+019   7.8852027880688583E-002
               183600   3.2526797053310669E+019   7.8073794189254767E-002
               183800   3.2526797053310669E+019   7.8495420049242703E-002
               184000   3.2526797053310669E+019   7.8574397360757289E-002
               184200   3.2526797053310669E+019   8.0157414170348523E-002
               184400   3.2526797053310669E+019   7.8743081187705857E-002
               184600   3.2526797053310669E+019   7.9579213486431460E-002
               184800   3.2526797053310669E+019   7.9914078936990346E-002
               185000   3.2526797053310669E+019   7.9281171525529909E-002
               185200   3.2526797053310669E+019   7.8793317452604747E-002
               185400   3.2526797053310669E+019   7.9348531038709064E-002
               185600   3.2526797053310669E+019   7.8294422516386547E-002
               185800   3.2526797053310669E+019   7.8294078284247337E-002
               186000   3.2526797053310669E+019   7.8134782807267322E-002
               186200   3.2526797053310669E+019   7.8282159234817378E-002
               186400   3.2526797053310669E+019   7.8678689921875655E-002
               186600   3.2526797053310669E+019   7.9159291807227208E-002
               186800   3.2526797053310669E+019   8.0948224466741242E-002
               187000   3.2526797053310669E+019   7.8145750139694617E-002
               187200   3.2526797053310669E+019   8.0946023742018355E-002
               187400   3.2526797053310669E+019   7.8535838999444399E-002
               187600   3.2526797053310669E+019   7.7939408541137650E-002
               187800   3.2526797053310669E+019   8.0138823062002720E-002
               188000   3.2526797053310669E+019   7.7831052098345177E-002
               188200   3.2526797053310669E+019   8.0094662665778027E-002
               188400   3.2526797053310669E+019   7.9503595232547006E-002
               188600   3.2526797053310669E+019   8.0173766884968259E-002
               188800   3.2526797053310669E+019   7.8824936572146398E-002
               189000   3.2526797053310669E+019   7.8927513085267798E-002
               189200   3.2526797053310669E+019   8.0189518742822041E-002
               189400   3.2526797053310669E+019   7.9416872393781437E-002
               189600   3.2526797053310669E+019   7.8076076668845265E-002
               189800   3.2526797053310669E+019   8.0108028859701211E-002
               190000   3.2526797053310669E+019   7.9326671972222873E-002
               190200   3.2526797053310669E+019   7.8259724364809866E-002
               190400   3.2526797053310669E+019   7.9453349032733253E-002
               190600   3.2526797053310669E+019   8.0356879405067208E-002
               190800   3.2526797053310669E+019   8.0217609393538641E-002
               191000   3.2526797053310669E+019   7.9823064431742322E-002
               191200   3.2526797053310669E+019   7.9283765939368325E-002
               191400   3.2526797053310669E+019   7.9112203605390993E-002
               191600   3.2526797053310669E+019   7.9206208403325984E-002
               191800   3.2526797053310669E+019   7.9849751813742306E-002
               192000   3.2526797053310669E+019   7.9452362295771545E-002
               192200   3.2526797053310669E+019   7.8840938454005707E-002
               192400   3.2526797053310669E+019   7.9334177070538067E-002
               192600   3.2526797053310669E+019   7.9815206839085787E-002
               192800   3.2526797053310669E+019   7.8706508009580373E-002
               193000   3.2526797053310669E+019   7.9625264139926724E-002
               193200   3.2526797053310669E+019   7.8249118537559531E-002
               193400   3.2526797053310669E+019   8.1400073188108726E-002
               193600   3.2526797053310669E+019   7.9402151481891586E-002
               193800   3.2526797053310669E+019   7.9062844265528037E-002
               194000   3.2526797053310669E+019   8.0509679125977007E-002
               194200   3.2526797053310669E+019   8.0091429012924736E-002
               194400   3.2526797053310669E+019   8.0564841142444471E-002
               194600   3.2526797053310669E+019   7.9267470063518433E-002
               194800   3.2526797053310669E+019   7.9900172433282263E-002
               195000   3.2526797053310669E+019   7.9405527925186264E-002
               195200   3.2526797053310669E+019   7.9844781671950013E-002
               195400   3.2526797053310669E+019   7.9202378853250210E-002
               195600   3.2526797053310669E+019   8.0542676593860330E-002
               195800   3.2526797053310669E+019   7.8968815853384500E-002
               196000   3.2526797053310669E+019   7.9276642834423997E-002
               196200   3.2526797053310669E+019   8.1250420153745173E-002
               196400   3.2526797053310669E+019   7.9480116635357270E-002
               196600   3.2526797053310669E+019   8.0343231693418324E-002
               196800   3.2526797053310669E+019   7.9841636827502310E-002
               197000   3.2526797053310669E+019   7.8807989384451771E-002
               197200   3.2526797053310669E+019   7.9383399903332333E-002
               197400   3.2526797053310669E+019   7.9313689354978539E-002
               197600   3.2526797053310669E+019   8.0729172680334305E-002
               197800   3.2526797053310669E+019   7.9204601490324295E-002
               198000   3.2526797053310669E+019   7.9320296337489979E-002
               198200   3.2526797053310669E+019   7.8517327380526400E-002
               198400   3.2526797053310669E+019   7.7778083060746087E-002
               198600   3.2526797053310669E+019   7.9020616547390787E-002
               198800   3.2526797053310669E+019   8.0127218971910955E-002
               199000   3.2526797053310669E+019   7.8818513644172042E-002
               199200   3.2526797053310669E+019   7.9407330448877309E-002
               199400   3.2526797053310669E+019   7.9634070963817194E-002
               199600   3.2526797053310669E+019   7.8687631000337974E-002
               199800   3.2526797053310669E+019   7.9372330463487920E-002
               200000   3.2526797053310669E+019   7.9126996928865753E-002
