                  200  0.67167830779348414        8.5011935775089975E-002
                  400  0.85325621264561491        8.2292061142264214E-002
                  600  0.81988533003602160        8.2775066238581343E-002
                  800  0.70357828072338569        8.4569327583026765E-002
                 1000  0.89453159702727669        8.1627461010563146E-002
                 1200  0.83055958550530307        8.2666290467163103E-002
                 1400  0.85897287765117336        8.2220922074138031E-002
                 1600  0.94295434052507254        8.0944737179645038E-002
                 1800  0.95185335584640196        8.0825871448600636E-002
                 2000  0.98175511712801056        8.0341830542131926E-002
                 2200   1.0045989726900559        8.0003335423694422E-002
                 2400   1.0059762255984235        7.9979662294626080E-002
                 2600  0.99635000505873561        8.0146743128726494E-002
                 2800   1.0315552035976907        7.9631484740706401E-002
                 3000   1.0291799455764692        7.9644228076431164E-002
                 3200  0.95345700782989984        8.0845613243566122E-002
                 3400  0.94840931010306972        8.0896466476250539E-002
                 3600  0.98862060172024313        8.0293445494432805E-002
                 3800   1.0173395077370326        7.9808169434848905E-002
                 4000   1.0169696601297260        7.9831334759121894E-002
                 4200  0.98009242928649942        8.0419632011476005E-002
                 4400  0.97950700333968566        8.0406230752380459E-002
                 4600  0.94621724257201323        8.0905155924796815E-002
                 4800   1.0213615885732055        7.9755578588261170E-002
                 5000  0.94217875943297091        8.0972126111696213E-002
                 5200  0.93970336452114600        8.0968870306983118E-002
                 5400  0.84156525114690450        8.2493022499284960E-002
                 5600  0.90859062920082689        8.1467248747571858E-002
                 5800  0.81725509620778003        8.2831097761211517E-002
                 6000  0.88678465178839816        8.1732969591382806E-002
                 6200  0.92798718837681993        8.1145681711788861E-002
                 6400  0.91826008128729442        8.1282880692213039E-002
                 6600  0.94162887118983563        8.0901707987834443E-002
                 6800  0.82930688090085813        8.2650429367499792E-002
                 7000  0.85756761892830313        8.2241802021558633E-002
                 7200  0.92092238423187611        8.1255906766056027E-002
                 7400   1.0136169833308555        7.9806316841718336E-002
                 7600  0.87396838426410572        8.1971970490054460E-002
                 7800  0.97375645538423161        8.0437709110045677E-002
                 8000  0.92206080786150402        8.1264060749321188E-002
                 8200  0.98080078614437094        8.0363433354179087E-002
                 8400  0.99531060254946524        8.0133060769145517E-002
                 8600  0.98331619237706658        8.0330427531033421E-002
                 8800   1.0039088762531743        8.0009001092442536E-002
                 9000  0.96547514435178561        8.0608813984278452E-002
                 9200  0.92313475703049597        8.1276350852240567E-002
                 9400  0.98127975309441395        8.0373439634009211E-002
                 9600  0.94010256581276774        8.0988393056436389E-002
                 9800  0.98175637182171305        8.0335432344577712E-002
                10000  0.98433138999082492        8.0330340156387084E-002
                10200  0.95248018880314833        8.0802712988462588E-002
                10400  0.86861672157664105        8.2056798125600433E-002
                10600  0.88269389164946177        8.1846832854912260E-002
                10800  0.83644822812005415        8.2552987007949288E-002
                11000  0.93546087165227010        8.1069682864273074E-002
                11200  0.88167904253166585        8.1847034539953192E-002
                11400  0.90963548855357890        8.1459060703203676E-002
                11600  0.90519803628790141        8.1480624291198220E-002
                11800  0.94879475536783198        8.0875469171100639E-002
                12000  0.77118017029248787        8.3591665530394973E-002
                12200  0.86315603100859162        8.2127890343951793E-002
                12400  0.87473599101376309        8.1954024441538390E-002
                12600  0.83880481722954769        8.2521409261267734E-002
                12800  0.87507107484346192        8.1996520384020763E-002
                13000  0.90424977426723252        8.1490539534106468E-002
                13200  0.88976604118545555        8.1740932107082165E-002
                13400  0.92904038085637963        8.1129113223149904E-002
                13600  0.92980276485126900        8.1116237601786517E-002
                13800  0.95422559449918465        8.0745151557398157E-002
                14000  0.93181307076358733        8.1092373362798731E-002
                14200  0.99469847423881863        8.0128649076175895E-002
                14400  0.88078408066959979        8.1895529239949902E-002
                14600  0.91424662386642697        8.1367047037528381E-002
                14800  0.90945585734568091        8.1469136009309537E-002
                15000  0.97565829571485974        8.0473806601259565E-002
                15200  0.95100532654966230        8.0831366825697540E-002
                15400  0.93764609364002449        8.1049328154679579E-002
                15600   1.0444307705758242        7.9418840754090725E-002
                15800   1.0062705147470175        7.9988571471739642E-002
                16000   1.0040928953667254        8.0020050715320423E-002
                16200  0.82749071985753919        8.2707326332143755E-002
                16400  0.88808305061396120        8.1779879105819769E-002
                16600  0.90884287397944985        8.1454641380120665E-002
                16800  0.86450741116057994        8.2142803211173163E-002
                17000  0.85502228280475867        8.2260041997780156E-002
                17200  0.95267537876109754        8.0768561482644788E-002
                17400  0.93436642129703062        8.1053959606380233E-002
                17600  0.93424166507475448        8.1075773483566399E-002
                17800  0.79992894056718877        8.3131830608032781E-002
                18000  0.88156496423077069        8.1815356324940886E-002
                18200  0.83772010396032381        8.2515493008852830E-002
                18400  0.88294468422232320        8.1861777962399809E-002
                18600  0.84418415803183167        8.2416394604720319E-002
                18800  0.92584713638660843        8.1126061963247814E-002
                19000  0.90263842551690199        8.1526625697031938E-002
                19200  0.90534426058093265        8.1482551016647503E-002
                19400  0.88212829447678887        8.1839846039739803E-002
                19600  0.93425631960923905        8.1060063029511367E-002
                19800  0.90170787000186503        8.1546716461753863E-002
                20000  0.86811399481129348        8.2092136121323503E-002
                20200  0.97624202703667828        8.0412336477328109E-002
                20400  0.91383322934581923        8.1354870816324656E-002
                20600  0.98850435895217292        8.0231002281382593E-002
                20800  0.96227300824344164        8.0631721043605858E-002
                21000  0.96981228048870338        8.0499348246932528E-002
                21200  0.92299417806311590        8.1224582897066328E-002
                21400  0.95014081281846507        8.0838243164280857E-002
                21600  0.93815872646587439        8.1035299532718374E-002
                21800  0.92416898794984015        8.1230987128559723E-002
                22000  0.92506223528144493        8.1219757481512972E-002
                22200  0.97293465785388533        8.0506337428164404E-002
                22400  0.95963762757213467        8.0661788216706887E-002
                22600  0.91973477921442492        8.1277153555033052E-002
                22800  0.85911895953539708        8.2193287863404130E-002
                23000  0.89612963834361925        8.1643431934047273E-002
                23200  0.79940550468245464        8.3094260642994466E-002
                23400  0.93000347591926147        8.1097495177046397E-002
                23600  0.82818247226122077        8.2658730481146497E-002
                23800  0.95972608638493850        8.0650718226774443E-002
                24000  0.87931198681731260        8.1861427319235167E-002
                24200  0.92885547400261370        8.1092811647695162E-002
                24400  0.82335681191624455        8.2761833349229236E-002
                24600  0.91873016373612970        8.1267282559066956E-002
                24800  0.87189494839004811        8.2020260283970664E-002
                25000  0.86731665856183626        8.2078693373549713E-002
                25200  0.93252003372507830        8.1059369203148671E-002
                25400  0.88794434564414249        8.1802782145451322E-002
                25600  0.89061510041072722        8.1751308090114549E-002
                25800  0.94566233494967111        8.0934235757034900E-002
                26000  0.98235817852613327        8.0338704988617046E-002
                26200  0.99301976620860100        8.0200593788581673E-002
                26400  0.96541267613040682        8.0606368813978688E-002
                26600  0.91273490660988987        8.1403405949891289E-002
                26800  0.85583995518856659        8.2279991546541947E-002
                27000  0.97479149398200382        8.0479638612685173E-002
                27200  0.96595210034053158        8.0596275632297404E-002
                27400  0.92090984091373851        8.1304515936947361E-002
                27600  0.91744395075133123        8.1324600184747062E-002
                27800  0.96537836380784903        8.0554821999812162E-002
                28000  0.82855506295171433        8.2688858602399329E-002
                28200  0.87610193634066380        8.1957572665064496E-002
                28400  0.89095654981423478        8.1752491551849521E-002
                28600  0.90838882191352699        8.1493828858027376E-002
                28800  0.90120726381999738        8.1619688816206903E-002
                29000  0.85769172317109399        8.2237007880495219E-002
                29200  0.93554227678081270        8.1055746675917167E-002
                29400  0.91511327018615019        8.1354504071315545E-002
                29600  0.93140683473815977        8.1122880382046014E-002
                29800  0.95229073864733982        8.0792014217397484E-002
                30000  0.98962705032339193        8.0217945471748237E-002
                30200  0.92062840937502599        8.1266293241896478E-002
                30400  0.91756329016578853        8.1300217122977553E-002
                30600  0.89114196313524896        8.1752851503078719E-002
                30800  0.89222087186761501        8.1715382345322149E-002
                31000  0.95934007917344977        8.0692720298901052E-002
                31200  0.96900561383181827        8.0565278430097281E-002
                31400  0.92061797913357712        8.1302594675835130E-002
                31600  0.94835533728422206        8.0874345756171723E-002
                31800  0.93384415814853228        8.1080974072028425E-002
                32000  0.91880670565952627        8.1340618700246031E-002
                32200  0.99848410968317580        8.0089310827455726E-002
                32400  0.92435593189421617        8.1223560904680192E-002
                32600  0.96208911940322006        8.0657436321871848E-002
                32800  0.94550083151282882        8.0909095473309406E-002
                33000  0.94818700451301652        8.0893635833833674E-002
                33200  0.87640539729871247        8.1980037925355576E-002
                33400  0.96388429185459357        8.0632921303086760E-002
                33600  0.92633183927045837        8.1198211855914665E-002
                33800  0.91951659348878367        8.1334193861019158E-002
                34000  0.99504189899970319        8.0146474384445041E-002
                34200   1.0209791473501388        7.9751334699539725E-002
                34400  0.91235258104771311        8.1416255206623073E-002
                34600  0.96574812853604786        8.0596921144209202E-002
                34800  0.95312402902826587        8.0771576646626098E-002
                35000  0.90930460708385530        8.1434223291519475E-002
                35200  0.95820810002839529        8.0677401725313486E-002
                35400  0.79128353304472943        8.3253827465947852E-002
                35600  0.91136494341164032        8.1352165939221330E-002
                35800  0.93308356302209172        8.1082557368139241E-002
                36000  0.91140675228855705        8.1432626438246336E-002
                36200  0.94317565888000632        8.0911889482096933E-002
                36400  0.93242642258799169        8.1107774332063717E-002
                36600  0.87308720939055040        8.2018249756634840E-002
                36800  0.98891045745016071        8.0250763360356969E-002
                37000  0.94857794322990063        8.0867146542317733E-002
                37200   1.0182307724192534        7.9803957765112746E-002
                37400  0.93424905663341573        8.1076800421660503E-002
                37600  0.88106852757046017        8.1869508362314325E-002
                37800  0.93138776716529603        8.1112262387709161E-002
                38000  0.86305486190104530        8.2144348564949385E-002
                38200  0.95203313734541140        8.0793775658295264E-002
                38400  0.91424282785194411        8.1381810641292379E-002
                38600  0.97556590015376832        8.0445754780485990E-002
                38800  0.88856504225645794        8.1767828402395354E-002
                39000  0.90529113712834008        8.1537545293469280E-002
                39200  0.90897748023683500        8.1477631334900893E-002
                39400  0.98772132338521490        8.0284615348074906E-002
                39600   1.0112639320925156        7.9940970276782430E-002
                39800  0.95510560369494835        8.0780058344612202E-002
                40000  0.81898483249712262        8.2847159506321155E-002
                40200  0.87667465521727383        8.1987141504008862E-002
                40400  0.94473199082507808        8.0917298433960561E-002
                40600  0.90483805919790694        8.1513881761412318E-002
                40800  0.90170395822779081        8.1558683578392466E-002
                41000  0.83524226524861400        8.2600772419185453E-002
                41200  0.96339469163737423        8.0581800042194521E-002
                41400  0.91521454830835636        8.1348754798436895E-002
                41600  0.92297822070430036        8.1247921585993796E-002
                41800  0.87872114250467648        8.1906760993931557E-002
                42000  0.93387625607916180        8.1092087780475483E-002
                42200  0.88943167838678350        8.1717589494780557E-002
                42400  0.91008637371057333        8.1444600816300325E-002
                42600  0.88899470321795360        8.1725773011823391E-002
                42800  0.91406736765143781        8.1381863064097240E-002
                43000  0.87530761981883776        8.1983234025107099E-002
                43200  0.88152554988601484        8.1865725413887189E-002
                43400  0.97717885998208642        8.0406255097336218E-002
                43600   1.0261965342010211        7.9648317930847617E-002
                43800  0.95342410871486494        8.0797184527377774E-002
                44000  0.93188196236594556        8.1118679761774948E-002
                44200  0.93904496325135789        8.1007320140498662E-002
                44400  0.96836043469219557        8.0605712471922566E-002
                44600  0.88024402972047255        8.1914631532516324E-002
                44800  0.88504976220139364        8.1838015125616378E-002
                45000  0.88085583545069635        8.1858884950104807E-002
                45200  0.91853452692799431        8.1331810295194984E-002
                45400  0.94048393763745286        8.0972282877185192E-002
                45600  0.96339534815414685        8.0656990855235977E-002
                45800  0.95276184918994222        8.0803576253219628E-002
                46000  0.93679194876797434        8.1027504091689032E-002
                46200  0.97876753745280842        8.0380386527053441E-002
                46400  0.83369743113351957        8.2604692961134360E-002
                46600  0.98104492877740312        8.0371093191648368E-002
                46800  0.90196961806851639        8.1553697008266868E-002
                47000  0.93299580554049233        8.1064491564231594E-002
                47200  0.88615933119922796        8.1753625632655758E-002
                47400  0.83634726905670709        8.2528386040479601E-002
                47600   1.0295779789358779        7.9603381288863628E-002
                47800  0.97333554482800722        8.0457990587566211E-002
                48000  0.86740590492059744        8.2066347516778076E-002
                48200  0.91793510222964791        8.1281645185823453E-002
                48400  0.85206285971660345        8.2288006890295848E-002
                48600  0.89221285203167577        8.1668808862189066E-002
                48800  0.83957524006363426        8.2495600625121984E-002
                49000  0.92131775866782595        8.1240378199920360E-002
                49200  0.88661764613280092        8.1767893532532956E-002
                49400  0.84680116619486445        8.2392143711436841E-002
                49600  0.90130231695129570        8.1530786370528047E-002
                49800  0.91100329428600479        8.1415719120405697E-002
                50000  0.83327043065206485        8.2607405242389839E-002
                50200  0.89381354837755511        8.1675208713882078E-002
                50400  0.81317888762243162        8.2891014216829415E-002
                50600  0.90085821102228536        8.1555344234423580E-002
                50800  0.94360000092996166        8.0919227025578383E-002
                51000  0.92089714329645000        8.1243449428182624E-002
                51200  0.99757015034463525        8.0047302338397450E-002
                51400  0.93892716680292954        8.0986352298244413E-002
                51600  0.90867592736639002        8.1404338652469516E-002
                51800  0.92389765510229283        8.1186136212929236E-002
                52000  0.84780406505690664        8.2343760679560105E-002
                52200  0.81580578216991972        8.2844904991348070E-002
                52400  0.82166426485966737        8.2745857378681370E-002
                52600  0.97681439944729753        8.0352923885102845E-002
                52800  0.85944583769913452        8.2192124121170065E-002
                53000  0.90106983275213792        8.1551103809828746E-002
                53200  0.98827086085406923        8.0171275325637059E-002
                53400  0.99969591962823112        8.0023062875194631E-002
                53600  0.84392393676203858        8.2432704019949538E-002
                53800  0.85369455827517871        8.2285885359608957E-002
                54000  0.88249769118160581        8.1857193646840035E-002
                54200  0.88170086859935626        8.1854864106922234E-002
                54400  0.92343369686554355        8.1189792983662593E-002
                54600  0.92862750672086902        8.1108675795494856E-002
                54800  0.90517399476143057        8.1490233085862521E-002
                55000  0.93805976522985668        8.0968419792873420E-002
                55200  0.88855580965959824        8.1755033893196771E-002
                55400  0.87325659148008739        8.1991783316364877E-002
                55600  0.87184164968992883        8.2015499543342849E-002
                55800  0.87794768716801208        8.1924143329420121E-002
                56000  0.93064247795339805        8.1105415649025070E-002
                56200  0.97552894472318785        8.0418711820308131E-002
                56400  0.91695935785697713        8.1321570354920117E-002
                56600  0.90711559438177991        8.1500652411458832E-002
                56800  0.89123396955859102        8.1740435440606482E-002
                57000  0.90065753076302768        8.1619556864971757E-002
                57200  0.94356622941808777        8.0887022664347510E-002
                57400  0.96341494480763912        8.0588032053709180E-002
                57600  0.89805575031614693        8.1620227336472687E-002
                57800  0.85670567693002797        8.2278659377774191E-002
                58000  0.95855838967861962        8.0727251239725129E-002
                58200  0.88851649697848467        8.1805405947632179E-002
                58400  0.99725221259270824        8.0126709062782908E-002
                58600  0.93046724510018941        8.1111018570610649E-002
                58800  0.94447102188917087        8.0899238801859605E-002
                59000  0.95605535355972038        8.0720558453905425E-002
                59200  0.94564889896473647        8.0897118486234723E-002
                59400  0.95548022924507359        8.0733056999259811E-002
                59600  0.96499804420112945        8.0576635334565855E-002
                59800  0.86579326090026254        8.2059160895147240E-002
                60000  0.87916619117022854        8.1900797509796397E-002
                60200  0.82170429633547903        8.2766562799857724E-002
                60400  0.76707983170889305        8.3621934396084355E-002
                60600  0.87905473427303760        8.1854695736768318E-002
                60800  0.94798264981101021        8.0803771874175132E-002
                61000  0.91424923037254791        8.1318404229887342E-002
                61200  0.96688325595221669        8.0531357915106377E-002
                61400  0.93004666387228474        8.1099638471372873E-002
                61600  0.89710783410374861        8.1579088868632896E-002
                61800  0.88774281334446581        8.1778240573821534E-002
                62000  0.98621995651833061        8.0201352709352289E-002
                62200  0.84385104014380730        8.2433946698631966E-002
                62400  0.83840640845923964        8.2508674338302473E-002
                62600  0.96748244216307000        8.0512512308063056E-002
                62800  0.88669018422133961        8.1792357625702153E-002
                63000  0.88770042980251729        8.1764750919947171E-002
                63200  0.89559007552548797        8.1624425154199487E-002
                63400  0.83438954217420735        8.2544777483760448E-002
                63600  0.90108526933237154        8.1544401399551089E-002
                63800  0.79177677929250634        8.3209422228480989E-002
                64000  0.89762863742623700        8.1554482136567158E-002
                64200  0.94272549305614783        8.0929222363399861E-002
                64400  0.83033384278947464        8.2644440350284953E-002
                64600  0.92365737733567488        8.1233597006282202E-002
                64800  0.97811819992789883        8.0395594767575143E-002
                65000  0.88686656998289193        8.1794517103936357E-002
                65200  0.98116182684865161        8.0334855025533211E-002
                65400  0.98201318274707872        8.0314545191414261E-002
                65600  0.91006705249431152        8.1436277748526825E-002
                65800  0.89953862192257095        8.1573127083079996E-002
                66000  0.86339206996817019        8.2146651942245907E-002
                66200  0.91013132618457371        8.1434285022406488E-002
                66400  0.88143361025794509        8.1891604426364298E-002
                66600  0.92991353501374518        8.1097546620559818E-002
                66800  0.93051035437312046        8.1134048675568754E-002
                67000  0.92219088816076200        8.1208123704665944E-002
                67200  0.86778036955625015        8.2052876396211727E-002
                67400  0.91572461300364016        8.1354266345567486E-002
                67600  0.93743438451004524        8.0997149888255321E-002
                67800  0.81398744407625656        8.2870928814363531E-002
                68000  0.86117353109605910        8.2141834976407091E-002
                68200  0.92130202392918892        8.1240101590832309E-002
                68400  0.71107284390692527        8.4494595942895642E-002
                68600  0.87099926873174982        8.1982106835067764E-002
                68800  0.95168891744716921        8.0712738307004359E-002
                69000  0.89191147783694535        8.1681490095385806E-002
                69200  0.87253607727270854        8.1963497324161180E-002
                69400  0.81874236985494875        8.2813536357099315E-002
                69600  0.91247558336145540        8.1374399073505438E-002
                69800  0.85175898172792208        8.2290812292044435E-002
                70000  0.89731121264390079        8.1611902283757115E-002
                70200  0.86497079048176673        8.2110676110277142E-002
                70400  0.86513418750473026        8.2110504448250812E-002
                70600  0.82761911270449784        8.2685561805248192E-002
                70800  0.92935012667064365        8.1043736821583237E-002
                71000  0.81780449187848314        8.2817228525581862E-002
                71200  0.83487960312985199        8.2543754795395788E-002
                71400  0.97314042991866812        8.0451561671739752E-002
                71600  0.94394033919023645        8.0914539123888352E-002
                71800  0.92724827708524782        8.1155007898555953E-002
                72000  0.90346779249851594        8.1543007363922615E-002
                72200  0.95295121816842898        8.0755037631051532E-002
                72400  0.98554648848199444        8.0248004548269469E-002
                72600  0.92487669052430799        8.1188633676712224E-002
                72800  0.99137676288748267        8.0100571806676651E-002
                73000  0.99574731378851389        8.0120950581111114E-002
                73200  0.91566408406053024        8.1342933974882070E-002
                73400  0.85391090050641194        8.2260680431829269E-002
                73600  0.88017070822991494        8.1879382787226312E-002
                73800  0.92708615406788153        8.1171455871569625E-002
                74000  0.94897910173848365        8.0856620576226723E-002
                74200  0.82854397919536416        8.2687908627320048E-002
                74400  0.92593937343211163        8.1161307796835211E-002
                74600  0.99762922014289435        8.0069738198958323E-002
                74800  0.94581389551135653        8.0878811776631074E-002
                75000  0.95690992939544917        8.0703265338654642E-002
                75200  0.95926072611452484        8.0681613955086329E-002
                75400  0.99125889788492771        8.0184325650540803E-002
                75600  0.91297285796302696        8.1374876218129402E-002
                75800   1.0025382335823865        7.9987312367233068E-002
                76000   1.0019827647629482        8.0044367256715196E-002
                76200  0.99625356783480323        8.0103833023243753E-002
                76400  0.97846870863370705        8.0385501662497513E-002
                76600  0.92723245918443375        8.1165550502484501E-002
                76800  0.93061587075433083        8.1137778794968959E-002
                77000  0.83728893944065619        8.2534476778427707E-002
                77200   1.0108210697694660        7.9874114130836962E-002
                77400  0.96283331634821101        8.0621895528971851E-002
                77600  0.91794935106042586        8.1319277132858164E-002
                77800  0.92055591450357099        8.1237932563341900E-002
                78000  0.93519147662758240        8.1051707612186663E-002
                78200  0.85933429269147155        8.2217912985043246E-002
                78400  0.86697174367607788        8.2112063587836528E-002
                78600  0.84296727783044489        8.2453590594946863E-002
                78800  0.83551307376970385        8.2544482208810166E-002
                79000  0.93369138689224618        8.1049027422348582E-002
                79200  0.87489384668339742        8.1917898884958568E-002
                79400  0.88698708441336194        8.1807068150599516E-002
                79600  0.88518004718901144        8.1770891540246679E-002
                79800  0.96424881662109352        8.0597138673322896E-002
                80000  0.94355728589990062        8.0882896362487813E-002
                80200  0.85876653638387168        8.2187695711137071E-002
                80400  0.90316387893368144        8.1527092634031392E-002
                80600  0.91632256267406020        8.1316341807204096E-002
                80800  0.93085349814978102        8.1096610955916901E-002
                81000  0.81539248820084753        8.2889699667785477E-002
                81200  0.88398267715487744        8.1824712816532377E-002
                81400  0.85778317821503625        8.2222523084217236E-002
                81600  0.86333593623873151        8.2147028244872397E-002
                81800  0.90029072508414798        8.1549964980597495E-002
                82000  0.92994613906142587        8.1131246487850181E-002
                82200  0.90940562828290694        8.1447681323994006E-002
                82400  0.87226294037456054        8.1986943470969784E-002
                82600  0.96153563030423128        8.0624709769955741E-002
                82800  0.84316378730353614        8.2452488505188326E-002
                83000  0.88404024202077514        8.1788750034456431E-002
                83200  0.91599322450123988        8.1318676354315819E-002
                83400  0.80392041184366592        8.3047303392392843E-002
                83600  0.87676196447409926        8.1959220204897584E-002
                83800  0.80561256232797651        8.3032607819928717E-002
                84000  0.94537438326929113        8.0829299814714720E-002
                84200   1.0270633701302885        7.9649563501340143E-002
                84400  0.92605625325287066        8.1168129197401850E-002
                84600  0.88538608265596797        8.1807796694784940E-002
                84800  0.91139057357392272        8.1406806663341408E-002
                85000  0.86357725984357903        8.2130131052528893E-002
                85200  0.84141571570798235        8.2477907947298978E-002
                85400  0.88347545600217969        8.1812448579002453E-002
                85600  0.97294919305069305        8.0472396011890490E-002
                85800  0.82608925065419203        8.2722047949322919E-002
                86000  0.78597237099711148        8.3324784561194881E-002
                86200  0.86814059367278484        8.2037271024672190E-002
                86400  0.91617151992662360        8.1311448843895393E-002
                86600  0.83302532319594402        8.2556058271369151E-002
                86800  0.90320428145990173        8.1519774124039601E-002
                87000  0.90312016857642108        8.1670162162395019E-002
                87200  0.92314275020245118        8.1379212621581598E-002
                87400  0.99330854870345031        8.0295865077321088E-002
                87600  0.88865667639157830        8.1900992510427303E-002
                87800  0.94519792222804144        8.1017208102970029E-002
                88000  0.93538278196436764        8.1131879560321210E-002
                88200  0.92901481431218846        8.1259764196359510E-002
                88400  0.89805769819681391        8.1712623709575091E-002
                88600  0.89551829564219743        8.1777844364442437E-002
                88800  0.87734716882996833        8.2021992651207978E-002
                89000  0.93493529986454782        8.1167114128793447E-002
                89200  0.88185854306084610        8.2028470640660919E-002
                89400  0.88768023560631715        8.1924296457841883E-002
                89600  0.84942719143893242        8.2468104277840987E-002
                89800  0.83046103894487810        8.2784343910438971E-002
                90000  0.91010189902708760        8.1511903680739059E-002
                90200  0.81256911665077902        8.3046083021166756E-002
                90400  0.78942310567767970        8.3405602778864774E-002
                90600  0.94031704800371663        8.1119265609986183E-002
                90800  0.86621441094262897        8.2240849136248226E-002
                91000  0.91500532124430889        8.1508232383522283E-002
                91200  0.89025812168743790        8.1865199336965649E-002
                91400  0.80153746486008959        8.3236078953490888E-002
                91600  0.87144469462426799        8.2166109474679436E-002
                91800  0.95988421625869691        8.0773057267224335E-002
                92000  0.98047620362909982        8.0481467347729443E-002
                92200  0.85874756199273594        8.2339863525160720E-002
                92400  0.92945990492332176        8.1271562781019879E-002
                92600  0.86149238737485956        8.2332727984594595E-002
                92800  0.87806255997067051        8.2076300773694877E-002
                93000  0.82892487026129946        8.2825000900514159E-002
                93200  0.84942217816487997        8.2487943151824686E-002
                93400  0.86930389138335917        8.2234841340772011E-002
                93600  0.95107774107800214        8.0925072310201338E-002
                93800  0.84756612766370854        8.2532625231328469E-002
                94000  0.88791113760941964        8.1896974037121872E-002
                94200  0.81580793649891981        8.3022711837973787E-002
                94400  0.86490797123264995        8.2299421967179154E-002
                94600  0.85197883498480431        8.2481069762277065E-002
                94800  0.89460574571959572        8.1837609355653262E-002
                95000  0.85365137821037174        8.2453741487085841E-002
                95200  0.93123129088707823        8.1247919040383934E-002
                95400  0.88693685863518534        8.1908605731310091E-002
                95600  0.92617904193084732        8.1312822727272971E-002
                95800  0.93131901056758937        8.1251484240868865E-002
                96000  0.85982016967431507        8.2363208694361395E-002
                96200  0.98176539007357921        8.0494291092602588E-002
                96400  0.98109629039133472        8.0502228442902876E-002
                96600  0.98351909579945906        8.0473324317359263E-002
                96800  0.96574129138895182        8.0753466010302755E-002
                97000  0.95045823886461056        8.0989754148852330E-002
                97200  0.96518900010094077        8.0714250340050142E-002
                97400  0.92280918086171160        8.1399384381706449E-002
                97600  0.97462958082866213        8.0582709251226389E-002
                97800  0.95258353744461066        8.0913518112901858E-002
                98000  0.87064417068122846        8.2228657216012302E-002
                98200  0.88603220261916971        8.1974665144080569E-002
                98400  0.87497981299120531        8.2130097287538853E-002
                98600  0.90022445517262917        8.1735848618567475E-002
                98800  0.83547369958755957        8.2781183341655171E-002
                99000  0.94576008313923920        8.1026644311017901E-002
                99200  0.87637501326848999        8.2103911921518766E-002
                99400  0.79355592381170326        8.3366741464425520E-002
                99600  0.90419028299458337        8.1684100256294828E-002
                99800  0.91779974846922263        8.1474494724520327E-002
               100000  0.83175857634080108        8.2797833808537252E-002
               100200  0.84033486710892558        8.2659257346104562E-002
               100400  0.90488463226920901        8.1649277807369317E-002
               100600  0.90423770415727478        8.1640510867279914E-002
               100800  0.93858443415158566        8.1127136039592443E-002
               101000  0.83871085589801553        8.2655250141613915E-002
               101200  0.88838588482173309        8.1933456010946509E-002
               101400  0.94297263733148606        8.1076621324223871E-002
               101600  0.86428608280856700        8.2235577050616404E-002
               101800  0.86869674255525597        8.2193556361106396E-002
               102000  0.98841703526141833        8.0378500983171439E-002
               102200  0.90125525503861659        8.1711037548925392E-002
               102400  0.89787611492220942        8.1789878346657283E-002
               102600  0.96288626155768930        8.0791415289084512E-002
               102800  0.98229596415866416        8.0490354560157504E-002
               103000  0.83041765903969067        8.2849526729689593E-002
               103200  0.87102030579099676        8.2169217616605131E-002
               103400  0.86182733167707393        8.2324567568272555E-002
               103600  0.91306611828715578        8.1520136523522801E-002
               103800  0.94501783709863807        8.1047383564670325E-002
               104000  0.91494741815313829        8.1542777276586084E-002
               104200  0.92770890404372641        8.1344143542054728E-002
               104400  0.95294569383058592        8.0939932372870657E-002
               104600  0.88354334553552405        8.1993050133116641E-002
               104800  0.89079501267826577        8.1882330760802757E-002
               105000  0.95535201860090047        8.0915230464678259E-002
               105200  0.83099763973531970        8.2738485196451855E-002
               105400  0.87302097667608414        8.2128633892767741E-002
               105600  0.82289826197927685        8.2883618070887649E-002
               105800  0.95306317578979438        8.0878688359929146E-002
               106000  0.85576568389857111        8.2400695408939045E-002
               106200  0.96855765666838922        8.0647567893372463E-002
               106400  0.95175336459821414        8.0975838814770495E-002
               106600  0.96593438558134648        8.0723873727302442E-002
               106800  0.88426346661382793        8.1995130368468033E-002
               107000  0.91017202930364094        8.1588247397384656E-002
               107200  0.97654263036331979        8.0562811915402641E-002
               107400  0.94228382071894734        8.1090014152245427E-002
               107600  0.98805126537526922        8.0397914026622608E-002
               107800  0.91726342630193125        8.1512833962844769E-002
               108000  0.81303373587563688        8.3093666961899265E-002
               108200  0.96183962669299128        8.0750832717275164E-002
               108400  0.90450783978365712        8.1692415582320446E-002
               108600  0.90243354896439176        8.1717788890851947E-002
               108800  0.94689998811987508        8.1000156928608985E-002
               109000  0.90082979554958376        8.1709026133020377E-002
               109200  0.92921870585815614        8.1290586890450198E-002
               109400  0.93990861860594865        8.1160569567082855E-002
               109600  0.92766782415849491        8.1323951986008627E-002
               109800  0.90307643255835501        8.1690031008651257E-002
               110000  0.89920190017469714        8.1766605834596245E-002
               110200  0.92846612632065673        8.1327107702370102E-002
               110400  0.93871051514342474        8.1161639413810160E-002
               110600  0.85488984349130326        8.2447321769553605E-002
               110800  0.98612357147436169        8.0419303822639010E-002
               111000  0.91359893160747518        8.1558857441397542E-002
               111200  0.88511980362934228        8.1988555767238305E-002
               111400  0.99184608820720255        8.0368292109022160E-002
               111600  0.90202299100152572        8.1715640014512703E-002
               111800  0.85693265883212766        8.2389343715975852E-002
               112000  0.92135337869990663        8.1396305493023152E-002
               112200  0.86698008911482871        8.2237181683413957E-002
               112400  0.91531563514937264        8.1481077655213091E-002
               112600  0.89149382992576665        8.1844664452411786E-002
               112800  0.92126571860168915        8.1390400169315508E-002
               113000  0.90053486441311403        8.1743090665926221E-002
               113200  0.86307103413580022        8.2295854187860104E-002
               113400  0.85008530920891023        8.2483252633555063E-002
               113600  0.90113718010865052        8.1693461685633628E-002
               113800  0.90397192651902614        8.1687005812230318E-002
               114000   1.0143780731359193        7.9983816227685051E-002
               114200  0.88175754904430048        8.2019660976956135E-002
               114400  0.91149658903949837        8.1570422484837660E-002
               114600  0.91904812059838381        8.1451680463908716E-002
               114800  0.89601238314338261        8.1812743538257501E-002
               115000  0.97444427913515763        8.0611035070972656E-002
               115200  0.92875235620233565        8.1320745946536391E-002
               115400  0.93295671362004873        8.1254812261007753E-002
               115600  0.92613040431496108        8.1353554926050592E-002
               115800   1.0088744647640504        8.0079391519686988E-002
               116000   1.0150628438174112        7.9973246013678126E-002
               116200  0.94175263781549767        8.1143244198479764E-002
               116400  0.93795104909084126        8.1161756429924403E-002
               116600  0.86476499963444131        8.2292487866474306E-002
               116800  0.93438199770617414        8.1205450911021257E-002
               117000  0.93425109536868134        8.1223974034253965E-002
               117200  0.97051537568063961        8.0665402232845684E-002
               117400  0.85590187018795727        8.2416430851344147E-002
               117600  0.90612431502220392        8.1664766909318925E-002
               117800  0.91901343888892317        8.1463556172170007E-002
               118000  0.90548929295064118        8.1629317845007626E-002
               118200  0.88540146995394498        8.1987296923516445E-002
               118400  0.91641201318964227        8.1474574516508053E-002
               118600  0.86779957941782493        8.2252824661404739E-002
               118800  0.84394522125185356        8.2667736303574199E-002
               119000  0.90889009854989222        8.1623088817102007E-002
               119200  0.91693635936204254        8.1496655860051156E-002
               119400  0.92500990356382184        8.1349064088868647E-002
               119600  0.80464613776610217        8.3208576063073844E-002
               119800  0.90411853415003385        8.1665361652236521E-002
               120000  0.90113313619621105        8.1675574828249151E-002
               120200  0.87664980449015062        8.2069706097796319E-002
               120400  0.76100899974140723        8.3853957144899974E-002
               120600  0.89291373959989584        8.1786956129096616E-002
               120800  0.82336157528998233        8.2899552917746783E-002
               121000  0.92821036292435677        8.1262217018839594E-002
               121200  0.94657356928048486        8.1028045635861287E-002
               121400  0.92976850863080296        8.1285615849556209E-002
               121600  0.90775926736786250        8.1605427600698097E-002
               121800  0.98418064750912060        8.0418019442240057E-002
               122000  0.92397744827974582        8.1399670244873296E-002
               122200  0.86835135127152818        8.2235962081485842E-002
               122400  0.95638526010981306        8.0885032206822610E-002
               122600  0.82860700092560302        8.2802459529504921E-002
               122800  0.90050984955644464        8.1746305880314715E-002
               123000  0.85225198309292782        8.2462255068461554E-002
               123200  0.88136156696662382        8.1996579848895676E-002
               123400  0.95161917086888670        8.0911519237557114E-002
               123600  0.93082122367458564        8.1221185898465303E-002
               123800  0.78876717675563124        8.3432723263132336E-002
               124000  0.91579389839914394        8.1499406032353422E-002
               124200  0.98726323798970195        8.0379757460832854E-002
               124400  0.90342224031782681        8.1660698127418010E-002
               124600  0.89132007541648473        8.1880611860959462E-002
               124800  0.95587682555268072        8.0873186499933719E-002
               125000  0.93432783077160220        8.1178013764152998E-002
               125200  0.94772338377407095        8.0973971152501628E-002
               125400  0.93897264405258174        8.1140572564243840E-002
               125600  0.86769441919932111        8.2260100821268570E-002
               125800  0.92045134458962707        8.1420640954493487E-002
               126000  0.90353408451876571        8.1688657606961285E-002
               126200  0.82593422879558009        8.2838335673683955E-002
               126400  0.85253932814967393        8.2468511174014200E-002
               126600  0.92207361870216420        8.1394757529520939E-002
               126800  0.85269157605869395        8.2435139544572780E-002
               127000  0.87859468339994728        8.2077733743030235E-002
               127200  0.90516968422475053        8.1629880712899824E-002
               127400  0.80598607254403243        8.3146794564227577E-002
               127600  0.92131990743865833        8.1404015682823141E-002
               127800  0.86276397179631104        8.2277918231415767E-002
               128000  0.81162027097729572        8.3057489299786930E-002
               128200  0.80626699136790803        8.3103975366784544E-002
               128400  0.83826699879462274        8.2644736513019457E-002
               128600  0.86006587511013421        8.2321573238183732E-002
               128800  0.87974190191103652        8.2024534397994897E-002
               129000  0.91450695887356404        8.1516023245036290E-002
               129200  0.86229130965528211        8.2305463994025635E-002
               129400  0.83457092015389911        8.2713046977786989E-002
               129600  0.83605912531642435        8.2719312609982928E-002
               129800  0.89101852433704531        8.1848071077001386E-002
               130000  0.83009250004344581        8.2856057945600470E-002
               130200  0.88967476500225173        8.1903347907384724E-002
               130400  0.82334982962305459        8.2909939350036807E-002
               130600  0.89640055330787471        8.1774521616160389E-002
               130800  0.87274350249198884        8.2177465300224628E-002
               131000  0.92335719119518445        8.1400218868687743E-002
               131200  0.90288819736539894        8.1706169038685772E-002
               131400  0.92181199662385815        8.1418228829863243E-002
               131600  0.84635754842701283        8.2556960195218021E-002
               131800  0.99208233582616212        8.0346878105872252E-002
               132000  0.93124581712996679        8.1239191840052780E-002
               132200  0.85072436422953379        8.2486734822011729E-002
               132400  0.90874942936131242        8.1573400352660599E-002
               132600  0.90793169649083361        8.1600568445738569E-002
               132800  0.87982506507433411        8.2058200186149094E-002
               133000  0.88788595072737986        8.1954185712694722E-002
               133200  0.96738392752357616        8.0724326464071017E-002
               133400  0.98113141812852789        8.0521383913799177E-002
               133600  0.92293225314638017        8.1415229331252476E-002
               133800  0.97408262525817724        8.0624442687180192E-002
               134000  0.88667018717773394        8.1937470300259885E-002
               134200  0.91796893830564819        8.1432042267268620E-002
               134400  0.86400962885352817        8.2285912691307833E-002
               134600  0.92689769413393264        8.1353951248006900E-002
               134800  0.90321978286790017        8.1735783780867391E-002
               135000  0.90171155219459120        8.1705375039589578E-002
               135200  0.92704712144575518        8.1335412243586619E-002
               135400  0.94164088577685690        8.1105173662311805E-002
               135600  0.94085411971705923        8.1094242034037728E-002
               135800  0.84997428598520652        8.2507130132286874E-002
               136000  0.98134945956387976        8.0467545687700343E-002
               136200  0.84348736282775805        8.2558116238989038E-002
               136400  0.89478498914104709        8.1823888136610401E-002
               136600  0.91087237688632416        8.1543681082666936E-002
               136800  0.90788099632325669        8.1605561176371397E-002
               137000  0.91818713366362303        8.1442619847352640E-002
               137200  0.99321965065175166        8.0297125857751547E-002
               137400  0.89407250238790315        8.1812421095370541E-002
               137600  0.88744563946142196        8.1940686744648564E-002
               137800  0.86543962017191178        8.2239006641500315E-002
               138000  0.87755107973891289        8.2062688904076725E-002
               138200  0.95169567367898633        8.0932478606578914E-002
               138400  0.88797017288325319        8.1934162102959215E-002
               138600  0.97918646121416730        8.0506734490124271E-002
               138800  0.95642209859013216        8.0875105619714185E-002
               139000  0.99305662658150995        8.0306066449401331E-002
               139200  0.96460964153007434        8.0737580387024541E-002
               139400  0.88042104343977223        8.2032471116815928E-002
               139600  0.85223089781378747        8.2453662497690206E-002
               139800  0.91607893707247878        8.1489883053252873E-002
               140000  0.98158702414014820        8.0474442793737347E-002
               140200  0.89059086888430861        8.1890705294738630E-002
               140400  0.94847163919960664        8.0977162492052127E-002
               140600  0.95481870968373428        8.0925350119550807E-002
               140800   1.0105125517960547        8.0022630533979830E-002
               141000  0.87624648649305015        8.2083769595580877E-002
               141200  0.83328974219627083        8.2775342008849992E-002
               141400  0.94353479481542191        8.1027507397403525E-002
               141600  0.95968976747190504        8.0820934153797319E-002
               141800  0.95503933871092039        8.0869639424621137E-002
               142000  0.85596762362175527        8.2367203250465551E-002
               142200  0.82700305454832446        8.2809598624030326E-002
               142400  0.94351287400668638        8.1053155761760046E-002
               142600  0.83678110725880728        8.2719877863053640E-002
               142800  0.84581225137063498        8.2508257016658065E-002
               143000  0.90750515080479388        8.1582130738509270E-002
               143200  0.87816431150149510        8.2064193306976674E-002
               143400  0.96834670443255044        8.0706036572206763E-002
               143600  0.89550835179888399        8.1803554767262920E-002
               143800  0.85774123503466981        8.2372609670902555E-002
               144000  0.97776026338675859        8.0575332148212053E-002
               144200  0.88266059033865440        8.2030926469928267E-002
               144400  0.97874257332065762        8.0493174132347592E-002
               144600  0.93551347792909934        8.1187913792664990E-002
               144800  0.87040414395958199        8.2171628325907131E-002
               145000  0.84161838553878798        8.2669156161732274E-002
               145200  0.86100976052405442        8.2316780045353213E-002
               145400  0.94157178378290285        8.1067072099548290E-002
               145600  0.86803586026231794        8.2229218155030828E-002
               145800  0.81833449037115491        8.2973977185060652E-002
               146000  0.84715163485631539        8.2526482992649558E-002
               146200  0.95061598447699336        8.0948688890514306E-002
               146400  0.90941793124258896        8.1572660096958766E-002
               146600  0.95689375297780566        8.0849730577672099E-002
               146800  0.88568914180172575        8.1954024362387315E-002
               147000  0.92286105703834886        8.1359699179459261E-002
               147200  0.88163060930823933        8.1985209435410877E-002
               147400  0.94620692288033292        8.1037560994200550E-002
               147600  0.87353936735839222        8.2148449063920104E-002
               147800  0.92493366744321082        8.1356293466563978E-002
               148000   1.0210352243764531        7.9861654778727240E-002
               148200  0.85623054322513426        8.2401590778061418E-002
               148400  0.85083502677090572        8.2496441435753645E-002
               148600  0.81846867398015077        8.2987769473824316E-002
               148800  0.90423532556334918        8.1652767472981863E-002
               149000  0.87855349785933756        8.2061738381495788E-002
               149200  0.90289011624058224        8.1702098610879334E-002
               149400  0.90445117970520494        8.1664628420895641E-002
               149600  0.91761909665636765        8.1438276003164736E-002
               149800  0.95015734725039280        8.0877983639475653E-002
               150000  0.90689686687241511        8.1601978628687385E-002
               150200  0.77176180388180582        8.3715026595083841E-002
               150400  0.90145570689511578        8.1665233300224641E-002
               150600  0.93698652191373866        8.1165515010178671E-002
               150800  0.87658237911516479        8.2098090840684937E-002
               151000   1.0048174376642087        8.0129540245856237E-002
               151200  0.89572935110893737        8.1843462777651338E-002
               151400  0.91558666910320785        8.1524938548344764E-002
               151600  0.96598263159887887        8.0738209674408354E-002
               151800  0.92613193078791789        8.1361049308422431E-002
               152000  0.89903572648876373        8.1732475264469140E-002
               152200  0.88850645702459985        8.1893013646544874E-002
               152400   1.0031410515485235        8.0174988629934704E-002
               152600  0.81720277128694718        8.3012997483469464E-002
               152800  0.88623685474359981        8.1916867298891277E-002
               153000  0.89912790088015149        8.1744823983790238E-002
               153200  0.87843729691636285        8.2093281635871540E-002
               153400  0.92552862858919527        8.1383238337126559E-002
               153600   1.0143200765009468        7.9965447306155443E-002
               153800  0.93603787605830313        8.1192020912400450E-002
               154000  0.82784149109399219        8.2869992788818847E-002
               154200  0.92988616731097218        8.1292002096527538E-002
               154400  0.93652089859626619        8.1192427264764500E-002
               154600  0.91177974005908935        8.1568562875375422E-002
               154800  0.85464108334215017        8.2441621392604331E-002
               155000  0.83990467770080246        8.2628144351859334E-002
               155200  0.87388778339200868        8.2125052609791846E-002
               155400  0.93992943857893430        8.1135414126977098E-002
               155600  0.85841420825827697        8.2373929797701709E-002
               155800  0.93835296669821688        8.1140260251026705E-002
               156000  0.86597873520424817        8.2259197331722059E-002
               156200  0.91571979713631624        8.1492856825338397E-002
               156400  0.90656802456643071        8.1626271753972995E-002
               156600  0.90923377273761863        8.1594860969414179E-002
               156800  0.92999693277183815        8.1258400018244567E-002
               157000  0.92425589630746574        8.1378978556447185E-002
               157200  0.99449090990895950        8.0281233713184463E-002
               157400  0.99896287238203951        8.0203777733606027E-002
               157600  0.93928968350932340        8.1119518574473290E-002
               157800  0.93540824690142055        8.1209301310041865E-002
               158000  0.84805503215920164        8.2558997864037975E-002
               158200  0.99646584049007136        8.0254613173472336E-002
               158400  0.95250522620833444        8.0938563376954001E-002
               158600  0.93599304436126995        8.1222607461135382E-002
               158800  0.90087194070973231        8.1749740727702025E-002
               159000   1.0134832832131784        8.0015614862825185E-002
               159200  0.93823370150282337        8.1177727515532636E-002
               159400   1.0544087458593216        7.9389311244854932E-002
               159600  0.86635388891799381        8.2255067238004811E-002
               159800  0.84370554182579061        8.2615731390052904E-002
               160000  0.81528938901251147        8.3049568107737198E-002
               160200  0.96424057327935297        8.0741080518134986E-002
               160400  0.87108707439610877        8.2180709321121870E-002
               160600  0.85564076371702302        8.2410699414985161E-002
               160800  0.82501636745765650        8.2878307132376525E-002
               161000  0.93977884497089259        8.1107066083321674E-002
               161200  0.91199279612671280        8.1571192346919216E-002
               161400  0.88474982058722107        8.1979767098831285E-002
               161600  0.91108639025502858        8.1547617718355198E-002
               161800  0.90200311433005953        8.1741251598555068E-002
               162000  0.87671221750712480        8.2083838887126434E-002
               162200  0.92575307383938144        8.1321749489919062E-002
               162400  0.91285413750842415        8.1538412795198384E-002
               162600  0.93180122018307143        8.1278843307597937E-002
               162800  0.76621482218213233        8.3792936276176705E-002
               163000  0.86079372233850238        8.2344884403652549E-002
               163200  0.87315149896032129        8.2147079249605681E-002
               163400  0.89945860174896930        8.1743919693853972E-002
               163600  0.92903191842966504        8.1304762024497421E-002
               163800  0.96111622572113575        8.0812263408281543E-002
               164000  0.91568796527430585        8.1515136298026855E-002
               164200  0.88260206324037105        8.2012904265618955E-002
               164400  0.88128999058334534        8.2013660623464726E-002
               164600  0.79262318741723847        8.3413279438438931E-002
               164800  0.94226672353397212        8.1088121828039095E-002
               165000  0.94244235511440932        8.1095883814785455E-002
               165200  0.90394753800392436        8.1719929287999857E-002
               165400  0.95904901297208711        8.0847092480863303E-002
               165600  0.98616663071438282        8.0422768839101530E-002
               165800  0.88448231033050551        8.1978694255549447E-002
               166000  0.86091963140992434        8.2364187764460403E-002
               166200  0.90112065801638797        8.1753911120832135E-002
               166400   1.0040218555308078        8.0157569453718339E-002
               166600  0.98507318230010132        8.0486849455450538E-002
               166800  0.92871077816456815        8.1298028097233813E-002
               167000  0.93037142417098984        8.1281646888432590E-002
               167200  0.93111765227990606        8.1263440221696084E-002
               167400  0.93478531207967730        8.1213331940251349E-002
               167600  0.90404914176364837        8.1699840800845747E-002
               167800  0.92167915927624444        8.1416404924438843E-002
               168000  0.85846114381753413        8.2423323227485676E-002
               168200  0.94242055373858025        8.1137464936577947E-002
               168400  0.98972954226301202        8.0396695646846872E-002
               168600  0.96594461212657523        8.0761978646359603E-002
               168800  0.91320900304268471        8.1542764095034873E-002
               169000  0.85854234495784887        8.2405975759969413E-002
               169200  0.84590983381564400        8.2588034475772454E-002
               169400  0.93991430957368971        8.1146644570355253E-002
               169600  0.85721211936799213        8.2353847776287431E-002
               169800  0.85525917379993543        8.2461695630256474E-002
               170000  0.88990939928376733        8.1914415649108632E-002
               170200  0.90010179066966634        8.1760502669749255E-002
               170400  0.92020369200476371        8.1430358202797357E-002
               170600  0.94102438496703544        8.1176499165725752E-002
               170800  0.96050531852201970        8.0817424468218296E-002
               171000  0.84898264507843368        8.2527530323893331E-002
               171200  0.88276158903197632        8.2001687589009845E-002
               171400  0.82978032874466023        8.2805681380779192E-002
               171600  0.98426220175931656        8.0459671245067615E-002
               171800  0.99165805435874343        8.0363324117435908E-002
               172000  0.84772207001412692        8.2537081564712109E-002
               172200  0.95815234490043966        8.0839229260871837E-002
               172400  0.88206515984826150        8.2005243206931755E-002
               172600  0.98822896401172577        8.0410474210045449E-002
               172800  0.89700711485656792        8.1810406170345656E-002
               173000  0.82030279157706165        8.2997212543271984E-002
               173200  0.89718167422880679        8.1763791802538871E-002
               173400  0.85939439931700157        8.2335142807938896E-002
               173600  0.90646622429095225        8.1637624025645908E-002
               173800  0.85166243797894581        8.2501984389714442E-002
               174000  0.92069869766952361        8.1440181682056315E-002
               174200  0.89230231503588830        8.1798677544589180E-002
               174400  0.87320988928071208        8.2151599501510519E-002
               174600  0.89120866122556430        8.1889723751198892E-002
               174800  0.90222086428096138        8.1652097707182694E-002
               175000  0.85667602394650355        8.2411060265889652E-002
               175200  0.87911140504360352        8.2049231819637664E-002
               175400  0.87302330198271572        8.2144112900793612E-002
               175600  0.87695718521167876        8.2076120771063243E-002
               175800  0.94023979912845757        8.1152128031425838E-002
               176000  0.83364995191029800        8.2787798735888082E-002
               176200  0.94364648741777801        8.1075898315631917E-002
               176400  0.81846816786818777        8.3024638170137263E-002
               176600  0.86988876206083676        8.2206235818279905E-002
               176800  0.87886540079108855        8.2082891297123525E-002
               177000  0.94029495247277950        8.1150629165602187E-002
               177200  0.96584841783392372        8.0789201845406305E-002
               177400  0.99092327956666260        8.0386603505283677E-002
               177600  0.95062455763057985        8.1006396522007945E-002
               177800  0.93119042395535911        8.1283935340018432E-002
               178000  0.88329398328922937        8.2001300972583194E-002
               178200  0.84237844329649514        8.2634176826280492E-002
               178400  0.82075576640860459        8.2970078138799017E-002
               178600  0.88994341069528582        8.1904942663316174E-002
               178800  0.93748707183980706        8.1196860300977128E-002
               179000  0.99588385014931324        8.0295820396137196E-002
               179200  0.87453448691651947        8.2149594217193839E-002
               179400  0.84809760968828707        8.2515848129200889E-002
               179600  0.82613141648211619        8.2890454027200508E-002
               179800  0.84381452656420441        8.2597012563139616E-002
               180000  0.82583110410806915        8.2800400470394123E-002
               180200  0.82568793351050740        8.2865857935085233E-002
               180400  0.92919132877339183        8.1261891405787823E-002
               180600  0.91128074249513058        8.1542136182508315E-002
               180800  0.90066448511748487        8.1711431121157932E-002
               181000  0.86615803448747686        8.2249035755271524E-002
               181200  0.84651826467077596        8.2526161558434702E-002
               181400  0.83598189642268195        8.2734726241411732E-002
               181600  0.90371236000092592        8.1686275775255945E-002
               181800  0.93323591687794949        8.1246958385108592E-002
               182000  0.85070628860742059        8.2463513018480109E-002
               182200  0.88972757416334691        8.1893475483060529E-002
               182400  0.86918735652570112        8.2175100300015208E-002
               182600  0.83676265666019889        8.2631539793470904E-002
               182800  0.82855340641656161        8.2775269966158915E-002
               183000  0.85141290985488960        8.2441817637901912E-002
               183200  0.90791538552976092        8.1566231852149604E-002
               183400  0.89971772609643175        8.1735562816008786E-002
               183600  0.92133177723022852        8.1334059154832550E-002
               183800  0.88175113889625933        8.2017344697699654E-002
               184000  0.86739136701164488        8.2196090458100307E-002
               184200  0.89583018557790695        8.1747204179445310E-002
               184400  0.82358103919451731        8.2875124338292819E-002
               184600  0.82487673213688562        8.2897470947846108E-002
               184800  0.97305223472176905        8.0620424000417135E-002
               185000  0.89396868697828669        8.1811810556741721E-002
               185200  0.96051263330870729        8.0782997736488851E-002
               185400  0.89571570494043140        8.1794785239528614E-002
               185600  0.94726007996067174        8.1016260552576241E-002
               185800  0.97135347144400175        8.0629641619304776E-002
               186000  0.91547195372442403        8.1480236922995650E-002
               186200  0.92975136391821900        8.1301938950340463E-002
               186400  0.97728649107358900        8.0526706290142219E-002
               186600  0.88923992168115795        8.1898680099390941E-002
               186800  0.88542761463831998        8.1954825345348939E-002
               187000  0.91932636936001810        8.1433963441165991E-002
               187200  0.96173274463389036        8.0745277810603408E-002
               187400  0.96187252344448593        8.0726675272684317E-002
               187600  0.77873529159207378        8.3600794253192293E-002
               187800  0.90623386200597134        8.1593870575767377E-002
               188000  0.82653918791663306        8.2843238927131885E-002
               188200  0.91475074445362758        8.1478207656872734E-002
               188400  0.89525661104878318        8.1783164791600457E-002
               188600  0.87282589898726282        8.2135148333468286E-002
               188800  0.95668967965210605        8.0802618213995078E-002
               189000  0.96740983589649865        8.0687873186759129E-002
               189200  0.91898346465116887        8.1409223825453403E-002
               189400  0.88961414142896311        8.1854423229072798E-002
               189600  0.93725150347843145        8.1129622411642996E-002
               189800  0.88170945442033954        8.1959771186067870E-002
               190000  0.91726603458518663        8.1452572682342669E-002
               190200  0.90639329216920927        8.1603755957394719E-002
               190400  0.85962399495640118        8.2307395933198912E-002
               190600  0.87872615724686642        8.2009286163310782E-002
               190800  0.93595044325059540        8.1152853925234053E-002
               191000  0.81425759031604117        8.3005087089906865E-002
               191200  0.88181720431855981        8.1983929777290118E-002
               191400  0.92721482762256457        8.1290726370137401E-002
               191600  0.89413943498685855        8.1797739117431101E-002
               191800  0.92682552511588745        8.1281694089129192E-002
               192000  0.89171917250033894        8.1860249127899298E-002
               192200  0.93720104933521065        8.1148137070862422E-002
               192400  0.95884081134584997        8.0786372379633278E-002
               192600  0.84839144053691273        8.2530981847520432E-002
               192800  0.92502684996927653        8.1344839726911602E-002
               193000  0.91421643707603362        8.1452114137484960E-002
               193200  0.88290234490973263        8.1944457078825528E-002
               193400  0.82882696062074812        8.2796869633299408E-002
               193600  0.97694232148616078        8.0523368521225935E-002
               193800  0.85851547210562085        8.2348737704772398E-002
               194000  0.94863160721220086        8.0919642763106370E-002
               194200  0.87481305868018888        8.2123530465575162E-002
               194400  0.89833953891349339        8.1714427610574736E-002
               194600  0.88942990919397780        8.1858617110278822E-002
               194800  0.87547585608383049        8.2064926967226795E-002
               195000  0.89930803102834411        8.1695032250504535E-002
               195200  0.89495463079219439        8.1763849909350886E-002
               195400  0.84704923365008811        8.2526610654201027E-002
               195600  0.86156508433923085        8.2279224038975571E-002
               195800  0.83955371906450105        8.2608251642598440E-002
               196000  0.90632969227977467        8.1585145047071830E-002
               196200  0.86473445270748828        8.2258889228742235E-002
               196400  0.92419135295270605        8.1345446089390108E-002
               196600  0.87311220178312621        8.2139504095081375E-002
               196800  0.93566964662693830        8.1173390906585416E-002
               197000  0.94067404548589817        8.1124903581943894E-002
               197200  0.90235738651038011        8.1681914223408245E-002
               197400  0.86908869257362864        8.2202866021035784E-002
               197600  0.97530877460377663        8.0576435012320188E-002
               197800  0.96693597552699317        8.0698954060655914E-002
               198000  0.89163928352427813        8.1844075245829692E-002
               198200  0.90701643768295903        8.1574991584608000E-002
               198400  0.93799001655918324        8.1145573599992221E-002
               198600  0.91082466529076878        8.1542751051134274E-002
               198800  0.88193481574355004        8.2010691657473989E-002
               199000  0.87108730342592555        8.2153710825336720E-002
               199200  0.94481571615706683        8.1039364250901635E-002
               199400  0.97458113504692900        8.0572751152269265E-002
               199600  0.87754090465845347        8.2073590448117323E-002
               199800  0.89056865669060947        8.1860735070500373E-002
               200000  0.98418147010747514        8.0426640356723519E-002
