                  200  0.90565570877255686        8.5023972191367467E-002
                  400  0.84933502887755385        8.5903343068656574E-002
                  600  0.95685683231762819        8.4236566616344058E-002
                  800  0.97389015385141131        8.4044450691388176E-002
                 1000   1.1291569614406860        8.1633933299071731E-002
                 1200   1.0777815926820775        8.2457812643385961E-002
                 1400   1.0858273567127132        8.2356171582067719E-002
                 1600   1.1602609814636922        8.1213919560944925E-002
                 1800   1.1735714937028847        8.1046294390532528E-002
                 2000   1.1578198552945294        8.1270311263479500E-002
                 2200   1.2203201295471648        8.0313369974664497E-002
                 2400   1.1933005329228110        8.0729050380505665E-002
                 2600   1.1536367144197193        8.1341654797482357E-002
                 2800   1.2216978671432890        8.0286481661741738E-002
                 3000   1.2133249335577569        8.0424977160622121E-002
                 3200   1.1599771573665643        8.1254757834205479E-002
                 3400   1.2455556636231204        7.9931934837978585E-002
                 3600   1.2194924771949862        8.0350515901870728E-002
                 3800   1.1921938007698027        8.0754570076669641E-002
                 4000   1.1381900153307680        8.1540454124334680E-002
                 4200   1.1412487548062134        8.1524214106194370E-002
                 4400   1.1054543502660303        8.2069009724362360E-002
                 4600   1.2618801552125165        7.9623771434445836E-002
                 4800   1.0105126002719076        8.3459916547842863E-002
                 5000   1.0440336599302285        8.2932313886515355E-002
                 5200   1.0489179678777107        8.2877757100969077E-002
                 5400   1.0529610352150074        8.2780561810268563E-002
                 5600   1.0479723150545934        8.2922457882507059E-002
                 5800   1.1671412130410457        8.1093446222489665E-002
                 6000   1.1145443681352254        8.1867111045400287E-002
                 6200   1.0701015909181002        8.2575724894567243E-002
                 6400   1.0593628632303429        8.2741080120984800E-002
                 6600  0.99116663112139913        8.3811364797186497E-002
                 6800   1.1848929619310122        8.0831097482033709E-002
                 7000   1.0831929070719770        8.2381387893954883E-002
                 7200   1.1101540844692499        8.1983969365366824E-002
                 7400   1.0746439673062205        8.2525946386779445E-002
                 7600   1.1952844781313043        8.0681273605247780E-002
                 7800   1.1614772255733570        8.1209903710677905E-002
                 8000   1.1746576827146396        8.1010204744440373E-002
                 8200   1.2031076709477366        8.0562643885682628E-002
                 8400   1.1685359755134179        8.1129296283429658E-002
                 8600   1.1927322021903866        8.0755767587772392E-002
                 8800   1.1396592846427118        8.1536441797490755E-002
                 9000   1.1229832425718935        8.1803729757668975E-002
                 9200   1.0851246166919937        8.2359309429351601E-002
                 9400   1.1247826802351852        8.1747009276487786E-002
                 9600   1.1989831384861416        8.0583527079734055E-002
                 9800   1.1534417713861742        8.1289145944926366E-002
                10000  0.99320475896062099        8.3739545573602442E-002
                10200   1.0617581416894988        8.2698791174722799E-002
                10400   1.0452956329057883        8.2926335549955932E-002
                10600  0.87811168945345686        8.5493077449530011E-002
                10800  0.94718941344994889        8.4446998808718227E-002
                11000   1.0472083176491593        8.2896371967805874E-002
                11200   1.0627593065876078        8.2662978251212132E-002
                11400   1.0943985976990873        8.2168325814126891E-002
                11600   1.0699514788740325        8.2595361299223555E-002
                11800   1.0658717565786724        8.2610813746817682E-002
                12000  0.98928401987051151        8.3838509573667633E-002
                12200   1.0384144772119959        8.3031413330021078E-002
                12400   1.2282559970664750        8.0140444152099172E-002
                12600   1.1885476911405479        8.0750909067291848E-002
                12800   1.0134522013012426        8.3384068070741099E-002
                13000   1.0747095183081965        8.2492929846386523E-002
                13200   1.1583879950931235        8.1224989814592335E-002
                13400   1.1898596092166873        8.0758645054097633E-002
                13600   1.0913179999206366        8.2242572282626533E-002
                13800   1.1434811702493402        8.1437704214728665E-002
                14000   1.2013628908398475        8.0586918958755444E-002
                14200   1.2653337943328606        7.9572517913528720E-002
                14400   1.0802404300519217        8.2440006359692647E-002
                14600   1.1467704471248141        8.1407751656284305E-002
                14800   1.0611412407238643        8.2722027820399197E-002
                15000   1.0837558842219992        8.2372277824581064E-002
                15200   1.1365018935035489        8.1516617909514449E-002
                15400   1.2035027544932009        8.0513201681034957E-002
                15600   1.0655856609236691        8.2629167418172583E-002
                15800   1.1273352167132653        8.1700306947327814E-002
                16000   1.0984257943489100        8.2146446656910482E-002
                16200   1.1984061515634068        8.0632192331977451E-002
                16400   1.0677428343023794        8.2637288450312665E-002
                16600   1.0709041067445337        8.2580588953479903E-002
                16800   1.0616128772243401        8.2671258397089650E-002
                17000   1.1288930587590136        8.1663185626533435E-002
                17200   1.0417726494504402        8.2973387656401679E-002
                17400   1.0790329201970772        8.2399754924211283E-002
                17600  0.97755209972875323        8.4014895279824447E-002
                17800   1.1509098490413932        8.1297555826619211E-002
                18000   1.1208361777339031        8.1743115113372442E-002
                18200   1.0927814392737034        8.2243382415102331E-002
                18400   1.1481768976847990        8.1383627939321801E-002
                18600   1.1194738327675817        8.1792185417017826E-002
                18800   1.0156672057101068        8.3431545369111668E-002
                19000   1.0749277209772965        8.2490090465232577E-002
                19200   1.1672434909257117        8.1047554076505435E-002
                19400   1.0141154737495235        8.3442978344784410E-002
                19600   1.0117146250905604        8.3464923246797718E-002
                19800   1.0307763623215263        8.3170840125899814E-002
                20000   1.1202111831508379        8.1799318294311543E-002
                20200   1.0520889558714168        8.2832907848955556E-002
                20400   1.1207326860392963        8.1770656066833119E-002
                20600  0.96426092690410670        8.4196765763144416E-002
                20800   1.0753979436784595        8.2496105344184917E-002
                21000  0.92465240631123813        8.4812016096795423E-002
                21200   1.0634901668286658        8.2723012293983170E-002
                21400   1.1363297563749619        8.1612438411892460E-002
                21600   1.1212741470110799        8.1812443639110000E-002
                21800   1.0117912833805542        8.3514451527248637E-002
                22000   1.0404776286656465        8.3087688485753930E-002
                22200   1.0677260877974464        8.2646498959687023E-002
                22400   1.0803177736340901        8.2476663520782256E-002
                22600   1.1342190732335338        8.1575133025828736E-002
                22800  0.99919627728685834        8.3692168772818543E-002
                23000   1.0812442242299980        8.2445658016966600E-002
                23200   1.1442135360727719        8.1467745077702505E-002
                23400   1.0656887669952597        8.2671404382669872E-002
                23600   1.1573385876353355        8.1263913178333702E-002
                23800   1.1591475116521119        8.1257115912803171E-002
                24000   1.1492270577593571        8.1441571385226272E-002
                24200   1.2130650952421440        8.0446045897460655E-002
                24400   1.1293300139076718        8.1715149228191217E-002
                24600   1.1298460668693453        8.1735997010312589E-002
                24800   1.1407538608473369        8.1572433727510441E-002
                25000   1.0926358224552557        8.2301925648786009E-002
                25200   1.1506832798642856        8.1380661329771634E-002
                25400   1.0252120103136519        8.3252007515625420E-002
                25600   1.0957976149989803        8.2200881915227106E-002
                25800   1.1756070386639585        8.0959109423285339E-002
                26000   1.1225964563181587        8.1780850666261964E-002
                26200   1.0767046799000233        8.2456936234161712E-002
                26400   1.1233767131505135        8.1753350414354484E-002
                26600  0.92161137945710325        8.4867445205215650E-002
                26800   1.0405451999578925        8.2969718609104598E-002
                27000   1.0010545928860763        8.3599716388920886E-002
                27200   1.0370297194786127        8.3116251992811335E-002
                27400   1.0767818259940618        8.2507588612686644E-002
                27600   1.0381759065823191        8.3080706626812648E-002
                27800   1.1165320493599691        8.1875931446842326E-002
                28000   1.1245815052687493        8.1803262708559518E-002
                28200  0.97155402487272924        8.4132429735492092E-002
                28400   1.0793227746987903        8.2459989332800632E-002
                28600   1.1083741828588849        8.2028407251061738E-002
                28800   1.1089133260431685        8.1977240405661816E-002
                29000   1.1504509222046417        8.1377589529865707E-002
                29200   1.0857351168300453        8.2365317593293658E-002
                29400   1.0314972436325729        8.3152788296828276E-002
                29600   1.0477189920486321        8.2900670166993803E-002
                29800   1.0034409949384639        8.3605728906924581E-002
                30000   1.1674033749604795        8.1100328324234167E-002
                30200   1.0131348970534571        8.3473256565285037E-002
                30400   1.0444163357178147        8.3002214281888462E-002
                30600  0.99476563867744117        8.3739753353007193E-002
                30800   1.0684541874201459        8.2590677525767250E-002
                31000   1.0950566537681861        8.2174796313912696E-002
                31200   1.0963716415086646        8.2182127632742227E-002
                31400   1.0082069930399373        8.3595811674416251E-002
                31600   1.0306172450600306        8.3219378924521512E-002
                31800   1.1742116811764480        8.1012074055057309E-002
                32000   1.0477580810796423        8.2873689006768975E-002
                32200   1.0054967404428341        8.3520081439295374E-002
                32400   1.0656161205096140        8.2646134058087475E-002
                32600   1.0628256008969876        8.2736466511679874E-002
                32800   1.0744399164316494        8.2541205255901140E-002
                33000   1.1052883574390258        8.2031398648113776E-002
                33200   1.0770628109164029        8.2456989634766165E-002
                33400  0.96157753024528669        8.4251313337278866E-002
                33600   1.0189625485839486        8.3316834106191423E-002
                33800  0.98435856732175442        8.3888295300197827E-002
                34000   1.0285813275568658        8.3194496025270501E-002
                34200  0.96810282512276102        8.4099523667560794E-002
                34400   1.1557338536552679        8.1293155379793869E-002
                34600   1.0798840088380524        8.2432409512902607E-002
                34800   1.0812355430794467        8.2368398717067720E-002
                35000   1.0569335243243836        8.2806679220959162E-002
                35200   1.1236501758066677        8.1737459119140848E-002
                35400   1.0587277052414072        8.2740117600535748E-002
                35600   1.0814330865454789        8.2447269241006871E-002
                35800   1.1409111808061496        8.1514928675860410E-002
                36000  0.98332084587027679        8.3968900238716934E-002
                36200   1.1289984358215608        8.1651215503087959E-002
                36400   1.0353858484357699        8.3172194306807126E-002
                36600   1.0222827090705906        8.3355300147179054E-002
                36800   1.1141555253041862        8.1902248738856320E-002
                37000   1.0105814317772923        8.3476072355225930E-002
                37200   1.0664055803118202        8.2590644825710713E-002
                37400   1.0497954097256736        8.2874057703427553E-002
                37600   1.0100821782582414        8.3510180694166117E-002
                37800   1.1195202190406637        8.1784893371315018E-002
                38000  0.97252192929545878        8.4121613252653632E-002
                38200  0.86497707895542630        8.5702242487422586E-002
                38400  0.95421310021445904        8.4357938299002233E-002
                38600  0.95439760181444966        8.4346676374052257E-002
                38800   1.0756311117301265        8.2493780102489006E-002
                39000   1.0362064111262423        8.3095021966109697E-002
                39200   1.0927708528896980        8.2242684260940696E-002
                39400   1.0174523920103002        8.3403072983421117E-002
                39600   1.0573803369545551        8.2777748755466590E-002
                39800   1.0739512277584411        8.2518107972518531E-002
                40000   1.0529466844752755        8.2852729568578184E-002
                40200   1.0612011951523510        8.2738970345231741E-002
                40400  0.97039786779407944        8.4108939500723900E-002
                40600  0.94875034008914305        8.4438468288144344E-002
                40800   1.0489643424233106        8.2881763257992638E-002
                41000   1.0887118007049927        8.2265135425782482E-002
                41200   1.1735008019898292        8.1031311150743857E-002
                41400   1.0525405846876985        8.2878209748601120E-002
                41600   1.0543663038380735        8.2870700824237017E-002
                41800   1.0411217034931857        8.3036002803192413E-002
                42000   1.1526987945577487        8.1342249547545153E-002
                42200   1.1392829273133032        8.1535938463672589E-002
                42400   1.1347870004759719        8.1621360250195313E-002
                42600   1.1348987766725400        8.1577435356610231E-002
                42800   1.0990103247335576        8.2152040649711600E-002
                43000   1.1790814346194809        8.0948752101359489E-002
                43200   1.1198161324769043        8.1813213881884991E-002
                43400   1.1709195447327099        8.1058153500463373E-002
                43600   1.0167458904930131        8.3419261012686319E-002
                43800   1.0020783741193640        8.3597483412361256E-002
                44000  0.99400132736462443        8.3717889960084890E-002
                44200   1.1759161653531764        8.0958821939427675E-002
                44400   1.1255011509765587        8.1742343396745215E-002
                44600   1.0607127346743930        8.2736615059719951E-002
                44800   1.1030878396198023        8.2087499862439295E-002
                45000   1.0640238804398294        8.2689508758468949E-002
                45200   1.0375048394814046        8.3112442774022008E-002
                45400  0.98104480749842460        8.3968513070856787E-002
                45600   1.1238661797503089        8.1804213029553957E-002
                45800   1.0974204857498429        8.2214873822915063E-002
                46000   1.1390339008482735        8.1557307820939687E-002
                46200   1.1366493346215243        8.1584850555595750E-002
                46400   1.1192522680768950        8.1819405382299981E-002
                46600  0.99465646288103771        8.3752037666068327E-002
                46800   1.1047992198925654        8.2091340443006089E-002
                47000  0.97004137015607439        8.4116998504548082E-002
                47200   1.0159044387461922        8.3411097735842307E-002
                47400  0.97111892367809771        8.4106173852680141E-002
                47600   1.0464553012964792        8.2980553619393327E-002
                47800  0.93148653397173764        8.4742479570219534E-002
                48000  0.95915000520983407        8.4289492218662651E-002
                48200   1.0194488235137535        8.3390623238091474E-002
                48400   1.0660687952710781        8.2658995058041529E-002
                48600   1.0991465774236617        8.2145998573039725E-002
                48800   1.1199305636365686        8.1783600317806099E-002
                49000   1.0594706776047880        8.2740184863887886E-002
                49200   1.0321541280777591        8.3131964231565381E-002
                49400  0.97389604357943804        8.4101423796029195E-002
                49600  0.97858707081833796        8.3970676074597531E-002
                49800   1.1482245206465651        8.1399904625071934E-002
                50000  0.95243185267927899        8.4356571589199805E-002
                50200   1.1061705075404844        8.2042683277530198E-002
                50400   1.0568528490588918        8.2823433802829277E-002
                50600  0.95681460229313098        8.4345865045724208E-002
                50800   1.0775563361771268        8.2514502386721977E-002
                51000   1.0363390154247498        8.3099126759117875E-002
                51200   1.0662193805134894        8.2687451732792766E-002
                51400   1.1283346798592984        8.1692211350113078E-002
                51600   1.0671032876033166        8.2631834679535082E-002
                51800   1.0311120843270227        8.3220111833236077E-002
                52000   1.0205636997538392        8.3352917724673903E-002
                52200   1.1179899833169185        8.1879099465718530E-002
                52400   1.1032754675653584        8.2121092430130369E-002
                52600   1.1367934102020243        8.1594935777378225E-002
                52800   1.1333214518388246        8.1671120677653183E-002
                53000   1.1189003483047848        8.1881000047996921E-002
                53200   1.0890865838092814        8.2307032573991024E-002
                53400   1.1196219266028429        8.1861586014371671E-002
                53600   1.1049499130707778        8.2090883933559206E-002
                53800  0.95250603688073399        8.4365480957327682E-002
                54000   1.0389130478870066        8.3042515070442038E-002
                54200   1.0288640659553561        8.3259863575244564E-002
                54400   1.1458117019747902        8.1434358347617586E-002
                54600   1.1152322643596697        8.1907635657886210E-002
                54800  0.98965950916115408        8.3783664286551471E-002
                55000   1.0121533012530148        8.3491448579490285E-002
                55200   1.0623534429397927        8.2697869016330833E-002
                55400   1.0413656417240102        8.3005716834299942E-002
                55600   1.0403022302359648        8.3013000170633219E-002
                55800   1.0750018330101605        8.2502924868338781E-002
                56000   1.0663201335518933        8.2617685084130602E-002
                56200   1.0983239284667849        8.2145945004709606E-002
                56400   1.1807807113936497        8.0893812272845034E-002
                56600   1.1578062318953797        8.1232694305453351E-002
                56800   1.1552193924346581        8.1317287181768130E-002
                57000   1.0851793972075792        8.2391375111384127E-002
                57200   1.1017132599072681        8.2092381422565142E-002
                57400   1.0092428561058469        8.3533397515351715E-002
                57600   1.0241512433955957        8.3291083534222779E-002
                57800  0.97227225315982324        8.4106588470478125E-002
                58000   1.1025692658542321        8.2073672260303460E-002
                58200  0.94187298186429924        8.4591027032207888E-002
                58400   1.0340765277708455        8.3111062395927554E-002
                58600   1.0498102401686120        8.2887568744835438E-002
                58800   1.0451407761560447        8.2991067785670072E-002
                59000  0.94004154544346208        8.4549648994156054E-002
                59200   1.0146764126975389        8.3448527965980762E-002
                59400   1.1187675647106188        8.1827433939729230E-002
                59600  0.98394051044224951        8.3952995849762471E-002
                59800   1.0178360258142543        8.3338696267020423E-002
                60000   1.1532927386050906        8.1314642874703982E-002
                60200   1.0199195717472722        8.3361248183142292E-002
                60400  0.92044819122435473        8.4955825207260499E-002
                60600   1.0432490927914506        8.2991439039748260E-002
                60800   1.0025171368353214        8.3617516587422003E-002
                61000   1.0953710441969986        8.2191976081395196E-002
                61200   1.0520229732471587        8.2855915157303076E-002
                61400   1.0540963895560960        8.2820923732494653E-002
                61600   1.0589578157197241        8.2746136854957700E-002
                61800   1.0609781454807408        8.2670705203935255E-002
                62000   1.0760995514542002        8.2475431465404994E-002
                62200   1.0324473713786446        8.3182686007090625E-002
                62400   1.0645896592852966        8.2643044857337769E-002
                62600  0.98425660510852708        8.3874867616268806E-002
                62800   1.0312911388976791        8.3171398381838471E-002
                63000  0.98929577604020724        8.3847738023325694E-002
                63200  0.97658270815550607        8.4065062545138014E-002
                63400  0.98138295555760369        8.3958043158873105E-002
                63600  0.91824157398127648        8.4831132809607343E-002
                63800  0.98096124231768844        8.3930648337597058E-002
                64000   1.0275836041320621        8.3227831532893690E-002
                64200   1.1820077269815492        8.0858171613747740E-002
                64400   1.0692598901279391        8.2595339731110828E-002
                64600   1.1180288571389583        8.1860921052159752E-002
                64800   1.1096193014688833        8.1979695841225428E-002
                65000   1.1043584962070778        8.2054278477073389E-002
                65200  0.99062291281231463        8.3795630748244754E-002
                65400   1.0813419765496679        8.2395261574408227E-002
                65600   1.0061112227748772        8.3594312285524455E-002
                65800   1.0766353034943599        8.2515172500686171E-002
                66000   1.0148529801054929        8.3399699568803137E-002
                66200  0.90667231177128771        8.5036622338338821E-002
                66400   1.1005805371911925        8.2098802208612140E-002
                66600   1.0333425813944972        8.3127365040714551E-002
                66800  0.99785809795744518        8.3691608466577500E-002
                67000   1.0302842844449092        8.3192006650059033E-002
                67200  0.99677083823207202        8.3734030653519517E-002
                67400   1.0330259440570186        8.3083736433429187E-002
                67600   1.0307249508151122        8.3173950183087181E-002
                67800   1.0558890804484504        8.2836314645767295E-002
                68000   1.0834042377764910        8.2402237432202277E-002
                68200  0.97555057158586878        8.4046184118314687E-002
                68400   1.0173505205595776        8.3352599877245498E-002
                68600   1.0590852366927541        8.2733340739614900E-002
                68800   1.0076308466268493        8.3528400903522107E-002
                69000   1.1120377398236232        8.1914360888608373E-002
                69200   1.0512835529946931        8.2895252149574383E-002
                69400   1.1546455560832141        8.1300565034939251E-002
                69600   1.0118429136614526        8.3475408611780419E-002
                69800   1.0153407959482215        8.3483556125815858E-002
                70000   1.0474891546878027        8.2948968483761043E-002
                70200   1.1675331291139199        8.1099970111073047E-002
                70400   1.0919133049718037        8.2256345695906841E-002
                70600   1.1456531741198568        8.1438441730604466E-002
                70800   1.1140596092864672        8.1958294160424230E-002
                71000   1.1045347989226655        8.2073250712690865E-002
                71200   1.0381910659844951        8.3073149125103662E-002
                71400   1.0628841898317369        8.2705265440615461E-002
                71600   1.0145339704330012        8.3477941938062641E-002
                71800   1.1246158727675828        8.1766836286822006E-002
                72000   1.1328088770658868        8.1666309813320515E-002
                72200   1.0209633741114961        8.3322318898822495E-002
                72400   1.0164382181468903        8.3430450969342207E-002
                72600   1.0885435351588038        8.2346454201276981E-002
                72800  0.90995627401404156        8.5024411223666552E-002
                73000   1.0437113623488024        8.3026522488671914E-002
                73200   1.0635394294373703        8.2684933571215466E-002
                73400   1.0818174283628774        8.2451036359150687E-002
                73600  0.93172439394797135        8.4689848179781535E-002
                73800   1.0347998473414215        8.3158155420811730E-002
                74000   1.1287807796826790        8.1672335011641992E-002
                74200   1.0945145197756823        8.2241166994317730E-002
                74400   1.0115124415316055        8.3465373089313108E-002
                74600   1.1223499815126166        8.1789159910166415E-002
                74800   1.1074387893867215        8.2035355036062463E-002
                75000   1.0207863887333271        8.3361312580426936E-002
                75200   1.1398065593074771        8.1523465676755058E-002
                75400   1.0588845349421512        8.2762031148944246E-002
                75600   1.0962901379914036        8.2189649544343713E-002
                75800   1.0847194076473139        8.2385566008131142E-002
                76000   1.1106688654025634        8.1972278781697230E-002
                76200   1.1024265670045696        8.2108726695695966E-002
                76400   1.0563537019971518        8.2811561959792279E-002
                76600   1.0884475729640855        8.2313007510859224E-002
                76800   1.1954597865822261        8.0697774173892220E-002
                77000  0.99488611916321812        8.3733053991957906E-002
                77200   1.0820794579262061        8.2419650285191159E-002
                77400   1.0504927353288025        8.2902549860033328E-002
                77600  0.99641377098602690        8.3736651252137695E-002
                77800   1.0926206067474300        8.2248130651767698E-002
                78000   1.1712821089719427        8.1028553594294644E-002
                78200   1.0950771656365113        8.2259283614712131E-002
                78400   1.0015569156345256        8.3618600152270101E-002
                78600   1.0620129737801545        8.2708207921161542E-002
                78800   1.0645796108408634        8.2715441918430582E-002
                79000   1.0102575185630480        8.3508548567180235E-002
                79200   1.1216450276820524        8.1805126484057203E-002
                79400   1.1178456301176214        8.1812614461436534E-002
                79600   1.0879154604636665        8.2344440177350875E-002
                79800   1.0715068745241876        8.2579562054480790E-002
                80000  0.99859417575362597        8.3690985225144537E-002
                80200  0.96401163833315084        8.4178309148275940E-002
                80400   1.0650465392938764        8.2629372783279309E-002
                80600   1.0083949855393251        8.3500258967319219E-002
                80800   1.0325507399183267        8.3124905911591981E-002
                81000   1.0704211517991244        8.2592192686836430E-002
                81200   1.0268657232057465        8.3218996314436341E-002
                81400   1.1058469198790968        8.2031433124554895E-002
                81600  0.98931194487538898        8.3817101975669772E-002
                81800   1.0956465974706326        8.2236644515903901E-002
                82000   1.0693328819195040        8.2619077262564650E-002
                82200   1.0714182294426853        8.2498549780090122E-002
                82400  0.97817580987838326        8.3943619038926845E-002
                82600   1.0670050732078102        8.2621325434115961E-002
                82800   1.0387445368545021        8.3067741336237122E-002
                83000   1.0648784264402669        8.2689436163847010E-002
                83200   1.0214451010371268        8.3333886731025000E-002
                83400   1.0401407052883269        8.3045296813328312E-002
                83600   1.0726749769810771        8.2544249359387756E-002
                83800   1.0965315669065374        8.2141747674027238E-002
                84000   1.0725657302525922        8.2534869245432713E-002
                84200   1.0326980639873293        8.3159874294099226E-002
                84400   1.0554310382700023        8.2833531925710788E-002
                84600   1.0215821464027450        8.3336835556657107E-002
                84800   1.1080161439273877        8.1979930090330305E-002
                85000   1.1219536373225725        8.1807673483965643E-002
                85200   1.0530821390419982        8.2825101515745889E-002
                85400   1.0730364081235901        8.2513885076160684E-002
                85600  0.97400414639796418        8.4008098520417934E-002
                85800  0.99267573134515463        8.3761586836217691E-002
                86000   1.1464404143426021        8.1329818869923923E-002
                86200   1.1532960193292523        8.1283540093277998E-002
                86400   1.0622188934211174        8.2674965755039700E-002
                86600   1.0794179561925903        8.2384878902209482E-002
                86800   1.0789140447999828        8.2433523135459638E-002
                87000   1.0473175660843395        8.2921292047636930E-002
                87200  0.94091243703774774        8.4506159111228454E-002
                87400  0.94325616237850396        8.4455546281067342E-002
                87600  0.97498638050865760        8.3972053417865719E-002
                87800  0.96342069362213412        8.4187556009690565E-002
                88000  0.98349546207481653        8.3854486946709106E-002
                88200   1.0688957920674156        8.2560581865565641E-002
                88400  0.90326801217111763        8.5129425295387445E-002
                88600   1.0742049913110696        8.2479231245328605E-002
                88800   1.1098035914584070        8.1959383669866534E-002
                89000   1.0553103505528372        8.2815530803522372E-002
                89200   1.1479963085134712        8.1392952256052656E-002
                89400   1.1642134600326339        8.1124749898738913E-002
                89600   1.1225966974200587        8.1800752775298677E-002
                89800   1.0540614176675500        8.2845873585447344E-002
                90000   1.1417825196059079        8.1506173106709906E-002
                90200   1.1218650076671575        8.1745817818990776E-002
                90400  0.97137485062351991        8.4083393868448653E-002
                90600   1.0537215831731679        8.2807803948333827E-002
                90800   1.0661448984213662        8.2627415189493167E-002
                91000  0.98060620957631461        8.3885796426615075E-002
                91200   1.0125565131798064        8.3446395023371672E-002
                91400   1.0425199258086575        8.2977550489658838E-002
                91600  0.92549987318786575        8.4810445913016078E-002
                91800  0.99690657489491119        8.3674101002071191E-002
                92000  0.94416348343175605        8.4479588462205449E-002
                92200   1.0234942128775604        8.3292184286471588E-002
                92400  0.98273985987567114        8.3879914132830899E-002
                92600  0.99964121155702490        8.3623902516715670E-002
                92800   1.0069001035201313        8.3574340023173141E-002
                93000   1.0260900805235584        8.3218502901854410E-002
                93200   1.0095670214509631        8.3499605011149336E-002
                93400   1.0376991264304758        8.3082696341776549E-002
                93600   1.0330319477184193        8.3132068455520833E-002
                93800   1.0579005220742614        8.2746737278145480E-002
                94000   1.1064853537641925        8.2039108390484658E-002
                94200  0.95732973332904558        8.4279673342839173E-002
                94400   1.0623511820749341        8.2616628737352080E-002
                94600  0.96063024012592146        8.4239980390077948E-002
                94800   1.1334821914362423        8.1586309543969712E-002
                95000   1.1446651201858933        8.1382146503765740E-002
                95200   1.1069309247943264        8.1948464411053509E-002
                95400   1.0299591649295010        8.3148344843018487E-002
                95600   1.0270096684325261        8.3200935257054576E-002
                95800   1.1149968925756917        8.1861458972894680E-002
                96000   1.1148632601875805        8.1845839976747631E-002
                96200   1.0819736029075224        8.2325019578302031E-002
                96400   1.0343095346329239        8.3086909917474638E-002
                96600  0.99600171327433695        8.3627235582677151E-002
                96800   1.0124224907812736        8.3426522156289706E-002
                97000   1.0287753887544746        8.3188228402790956E-002
                97200  0.96270132966249089        8.4162550388206525E-002
                97400   1.0543127784197046        8.2801278731400502E-002
                97600   1.0188047043186044        8.3310242465614345E-002
                97800  0.95537260609724195        8.4315502017025395E-002
                98000   1.1465346197926294        8.1323455514736451E-002
                98200   1.0273031581940595        8.3240164892922797E-002
                98400   1.0004554139838486        8.3573360894119667E-002
                98600   1.0195182284911302        8.3334830942089932E-002
                98800   1.1095220814656284        8.1994403017741843E-002
                99000  0.97687781205500390        8.3994091390779027E-002
                99200   1.0765693881748779        8.2468298631585418E-002
                99400   1.0126874342255510        8.3420116414098314E-002
                99600  0.89972468237991543        8.5197210644682192E-002
                99800   1.0863527838284637        8.2310431702102366E-002
               100000   1.0472148228726761        8.2886115113191439E-002
               100200   1.0418477109876740        8.3001279897171626E-002
               100400   1.0898953054516842        8.2262983820677538E-002
               100600   1.0087260183074422        8.3480647344948256E-002
               100800   1.1233542145011861        8.1777536554278302E-002
               101000  0.99953076406715879        8.3667693484193284E-002
               101200  0.99410708093339528        8.3735409603282476E-002
               101400   1.0150446053710576        8.3428464755231330E-002
               101600   1.0583631365793431        8.2764441889401047E-002
               101800   1.0673398010668786        8.2598462663846309E-002
               102000  0.84745161487078824        8.6013000794727665E-002
               102200   1.0936303426914598        8.2222413605916783E-002
               102400   1.0876024045367529        8.2302663059644857E-002
               102600   1.0098939371415652        8.3485668891699644E-002
               102800   1.0378646327446031        8.3101762316266536E-002
               103000  0.94073169786577260        8.4566520079686930E-002
               103200   1.0556310529303177        8.2822006803999176E-002
               103400   1.0106153840620742        8.3446526168963489E-002
               103600   1.0478661599209838        8.2868257262292064E-002
               103800  0.90162382812961761        8.5147279721919364E-002
               104000  0.99991531001775757        8.3665954414328850E-002
               104200  0.99486444705087418        8.3681642145052637E-002
               104400  0.96465257426173123        8.4202798145232446E-002
               104600   1.1172361907300641        8.1890749426560716E-002
               104800   1.0532341802001415        8.2767019409448736E-002
               105000   1.0839177554040378        8.2338540707858357E-002
               105200   1.0492326580867148        8.2915505872544371E-002
               105400   1.0236876769265313        8.3268293576015395E-002
               105600   1.0026571659411332        8.3613556071231596E-002
               105800  0.90571006310904634        8.5072115411967963E-002
               106000   1.0290648062735304        8.3206337817052251E-002
               106200   1.0605930793460150        8.2685052027325734E-002
               106400   1.0715032889762086        8.2514849755889866E-002
               106600   1.0874339289568482        8.2305781432207209E-002
               106800   1.0607459476711050        8.2729569416012338E-002
               107000  0.98073257332376329        8.3902776077876676E-002
               107200   1.0061173462944482        8.3517956442881416E-002
               107400   1.0387452695822386        8.3063229855620535E-002
               107600   1.0999518052094366        8.2066989593858775E-002
               107800  0.92843295172220353        8.4759453613534527E-002
               108000  0.93627289913804945        8.4577617471337005E-002
               108200  0.99360008163306857        8.3760826293670057E-002
               108400  0.90975544090641680        8.5070119032615091E-002
               108600   1.0684208855323492        8.2625634859340186E-002
               108800   1.1021746001103354        8.2087578705757516E-002
               109000   1.1071545601829620        8.2027467051512801E-002
               109200   1.0825063380052835        8.2333955495115657E-002
               109400   1.0019966659004664        8.3618933573545912E-002
               109600   1.0535209704335862        8.2828459512436739E-002
               109800   1.1622097773297950        8.1176868309642242E-002
               110000   1.0607838834223680        8.2741208133495975E-002
               110200   1.2007632533834505        8.0569356516992000E-002
               110400   1.1047893556659498        8.2031126818974689E-002
               110600   1.0515862093332491        8.2862841766240494E-002
               110800   1.0045738195172098        8.3542699846059748E-002
               111000   1.0524859623342036        8.2761331313184111E-002
               111200  0.99497337037456035        8.3669893626756475E-002
               111400  0.90710126248980749        8.5074429129767551E-002
               111600   1.0930503608172539        8.2282887087602882E-002
               111800   1.0154438650898645        8.3433645338525639E-002
               112000  0.87415677238075096        8.5597012872236200E-002
               112200   1.0274838060196543        8.3289409702019271E-002
               112400  0.98982526271713656        8.3759232511071910E-002
               112600   1.0012060031558647        8.3560836982869202E-002
               112800  0.99759442376655327        8.3572578313191898E-002
               113000  0.99813099567907826        8.3600905709192277E-002
               113200  0.97977755186858873        8.3859437495774986E-002
               113400   1.0106094902515417        8.3424956922705198E-002
               113600   1.0584396378364089        8.2687624484970940E-002
               113800   1.0774040791932842        8.2355364174862555E-002
               114000   1.0842529631054409        8.2289156143102185E-002
               114200   1.0838909844435809        8.2297247498403614E-002
               114400  0.97754662484232080        8.3912830048705631E-002
               114600  0.94002913409586120        8.4465587231513789E-002
               114800  0.97786368880082308        8.3926047319262440E-002
               115000   1.0444872470349282        8.2858796839922561E-002
               115200  0.99950498669796595        8.3631358393974981E-002
               115400  0.93985415549267348        8.4499275617433256E-002
               115600   1.0122422177598167        8.3377735270220743E-002
               115800  0.94199952572513324        8.4463290437090735E-002
               116000  0.87261841018567399        8.5475267692274204E-002
               116200  0.99138827592258172        8.3684360647332173E-002
               116400  0.95071469384169294        8.4315572559289953E-002
               116600  0.97506831575148600        8.3905139682750735E-002
               116800   1.1473956568539803        8.1352865115023293E-002
               117000   1.0523413714986605        8.2774165066514180E-002
               117200   1.0807485658464495        8.2321861071616320E-002
               117400   1.0916450617784557        8.2180192243885092E-002
               117600   1.0583455452167840        8.2685692764403296E-002
               117800  0.93596960350436931        8.4517744795525040E-002
               118000  0.96381646737120186        8.4114898662606477E-002
               118200  0.99814449783519610        8.3547455584348992E-002
               118400   1.0255046912902999        8.3089685171737912E-002
               118600  0.98701296389797866        8.3739151974462522E-002
               118800  0.93076331323749917        8.4574717596744634E-002
               119000   1.0161443683102096        8.3306195682086998E-002
               119200  0.96025431817930151        8.4154521943225299E-002
               119400  0.91469367294965120        8.4835898455815517E-002
               119600   1.0067104333636927        8.3437271518105982E-002
               119800  0.92709692258845056        8.4649011990137593E-002
               120000   1.0164509030156577        8.3319871858134997E-002
               120200   1.0646636510422172        8.2578363305097005E-002
               120400  0.98406274239050084        8.3783827648214168E-002
               120600   1.0526656921339590        8.2718990092454120E-002
               120800   1.0131250547299540        8.3361175486988376E-002
               121000   1.0519708472649349        8.2748637697143135E-002
               121200   1.0770788602722317        8.2322385576923993E-002
               121400  0.95116558967782827        8.4312911303466950E-002
               121600  0.97249017222370426        8.4018949667369544E-002
               121800   1.0311296726489960        8.3105322781420896E-002
               122000   1.0731723297738525        8.2423426619480586E-002
               122200   1.0012835193899041        8.3512978922105491E-002
               122400   1.1422677789669713        8.1382428033105414E-002
               122600   1.0185669202135734        8.3292850333426788E-002
               122800   1.1161288972222054        8.1800695062808626E-002
               123000   1.1097107650994931        8.1924054551584968E-002
               123200   1.1100059576575385        8.1878933004892754E-002
               123400   1.0379039958779128        8.2958210779670055E-002
               123600   1.0871752957792369        8.2191947163077844E-002
               123800   1.0755463785540913        8.2416128422342180E-002
               124000   1.0164188853706451        8.3314311988510040E-002
               124200  0.95090360902423543        8.4295254126526817E-002
               124400  0.92484553561658933        8.4733533974253789E-002
               124600  0.99273287133742993        8.3677388040014469E-002
               124800   1.0359359016738143        8.2976431894501101E-002
               125000  0.94594004436746859        8.4408544937279742E-002
               125200  0.94232129338598158        8.4426977647462847E-002
               125400   1.0394990156481980        8.2961466033927386E-002
               125600  0.95866499597487143        8.4183306760103202E-002
               125800  0.99982123405118484        8.3558122890606379E-002
               126000  0.95801260365931318        8.4207434914702423E-002
               126200   1.0384011933356474        8.2930575385210301E-002
               126400  0.99111714825736708        8.3709818537675076E-002
               126600   1.0949530334998672        8.2156375499631312E-002
               126800   1.1220224794440370        8.1644367479274019E-002
               127000   1.0721226983432572        8.2472030904088653E-002
               127200   1.0705342747218709        8.2488185795698915E-002
               127400   1.0349527920869988        8.3011514556451435E-002
               127600  0.92453994918806381        8.4697854691341987E-002
               127800   1.0412640877210730        8.2923808215805639E-002
               128000   1.0537294395194592        8.2685572747459038E-002
               128200   1.0116232234730467        8.3389814532137535E-002
               128400   1.1298784037164324        8.1548766299218214E-002
               128600   1.0943166166055331        8.2066162506682014E-002
               128800   1.0553692886858801        8.2723115871125144E-002
               129000   1.0089138115883858        8.3425664100186522E-002
               129200   1.0610231047622718        8.2571212578531963E-002
               129400  0.97924219725025963        8.3927509176386098E-002
               129600   1.1050369198907355        8.1925986370275955E-002
               129800   1.1310859574576166        8.1575340363848489E-002
               130000   1.0205862731407638        8.3281538713821754E-002
               130200  0.99461265174351510        8.3665868223760945E-002
               130400   1.0317149573623641        8.3095319350581121E-002
               130600   1.0316340600270701        8.3105459460664874E-002
               130800   1.0910228516104425        8.2163725772461463E-002
               131000  0.97149636142752460        8.3981482182476072E-002
               131200  0.92381411487371257        8.4660036803534747E-002
               131400   1.0890012477519313        8.2160078223292937E-002
               131600   1.1771702852015054        8.0821282535532682E-002
               131800   1.0034784371474230        8.3515640584191767E-002
               132000   1.0817734967987302        8.2334862042266962E-002
               132200  0.99614324063635651        8.3651568517923380E-002
               132400   1.0979040538782820        8.2023795826796309E-002
               132600   1.0310873183029610        8.3093195031218176E-002
               132800   1.0904023577575161        8.2208989748563041E-002
               133000   1.0938393276862193        8.2123063972987215E-002
               133200   1.0609558521017954        8.2640557920443683E-002
               133400   1.0764268396834829        8.2418321675401626E-002
               133600   1.0267052974910724        8.3181144053804085E-002
               133800   1.0356916734331143        8.3002320577924713E-002
               134000   1.0040713050070540        8.3510593370905481E-002
               134200   1.0296709716629122        8.3111210131193325E-002
               134400  0.98000347333276028        8.3879514758572360E-002
               134600   1.0070278221856310        8.3441217135957493E-002
               134800   1.0905741643357385        8.2184392923095748E-002
               135000  0.95902314111363163        8.4219517624732426E-002
               135200   1.0483058586012550        8.2836766352779673E-002
               135400   1.0459696183528984        8.2849203394564919E-002
               135600  0.96068213888700082        8.4184199193972742E-002
               135800   1.0384053390833550        8.3002928957745331E-002
               136000   1.1056582110940483        8.1942083919519446E-002
               136200   1.0650984626982116        8.2598156625146468E-002
               136400  0.97104284235068916        8.4052583769538641E-002
               136600  0.89296005505583087        8.5208667069142915E-002
               136800  0.95105629532783453        8.4304657588184090E-002
               137000   1.0497522743578651        8.2797983561892691E-002
               137200   1.0541752614845903        8.2781738111903660E-002
               137400   1.0605727588902796        8.2653514979516660E-002
               137600   1.0610061728484210        8.2671762503049695E-002
               137800   1.1076264587026075        8.1939908290299138E-002
               138000   1.0807791297246707        8.2369417830092245E-002
               138200   1.1206175482718912        8.1705662069666840E-002
               138400   1.0463350409444707        8.2880412602947012E-002
               138600   1.0583320911761012        8.2657963238075172E-002
               138800   1.0286209010693479        8.3128169974393776E-002
               139000   1.0828073772945908        8.2273187156798336E-002
               139200   1.0471443734563259        8.3113139258315358E-002
               139400   1.0871342984083037        8.2473091253436118E-002
               139600   1.0229574267703985        8.3464668164360045E-002
               139800   1.0670281321847350        8.2779373329747691E-002
               140000   1.1632183566121881        8.1347743067317069E-002
               140200   1.0776714952692321        8.2633061982973391E-002
               140400   1.0271072257677591        8.3439250600694334E-002
               140600   1.0746215442613674        8.2693182422337336E-002
               140800   1.1011514502495512        8.2265787593987380E-002
               141000   1.0833489922724790        8.2543107979315342E-002
               141200   1.0699091665279259        8.2788972389046978E-002
               141400   1.0450751392664515        8.3152574907350799E-002
               141600   1.0626629517308759        8.2914795228534441E-002
               141800   1.1014494507515196        8.2260871739177205E-002
               142000   1.0728029095590641        8.2677226972054083E-002
               142200   1.0361159089317937        8.3233308708577980E-002
               142400  0.96695592631953708        8.4331418729030660E-002
               142600   1.0514927745631473        8.3093800785234317E-002
               142800   1.1117217172130245        8.2130200953694957E-002
               143000   1.1426290154727297        8.1683716032911899E-002
               143200   1.1850695408081942        8.0939116318152191E-002
               143400   1.0399317051905443        8.3255821376479175E-002
               143600  0.96887318117626253        8.4313884222304791E-002
               143800   1.0582010923825664        8.2931060310613300E-002
               144000   1.1146536611614406        8.2062103306621781E-002
               144200   1.0504988596580771        8.3068475700828565E-002
               144400   1.0787624177304940        8.2601204209677745E-002
               144600   1.1185685641359266        8.1986072227112475E-002
               144800   1.1443692869038273        8.1634211470278356E-002
               145000   1.0237020426488463        8.3473419004192972E-002
               145200  0.98133363537435214        8.4108869347682802E-002
               145400   1.1005254716567321        8.2296708733048646E-002
               145600  0.98122822890210237        8.4123475957624927E-002
               145800   1.0146518958125930        8.3576687636260097E-002
               146000   1.1138252594883822        8.2018154393642781E-002
               146200   1.0446140451026451        8.3194725140160991E-002
               146400   1.0202369815683783        8.3529111327268063E-002
               146600   1.0768892282744942        8.2621601291805638E-002
               146800   1.1574768273181770        8.1375345856552983E-002
               147000   1.0379536005036718        8.3260269013636937E-002
               147200   1.0335180116114713        8.3326736185688352E-002
               147400  0.99245055977536345        8.3976191293440028E-002
               147600   1.0849573821860781        8.2522024431751745E-002
               147800   1.0820072177655635        8.2575694362877136E-002
               148000   1.0288815845684998        8.3423660892106344E-002
               148200   1.0956496664693391        8.2359019757761637E-002
               148400   1.0781359157096819        8.2658172324785256E-002
               148600   1.0077470305696778        8.3716389136959349E-002
               148800   1.0516252389570191        8.3014795390613377E-002
               149000   1.0646268963144605        8.2887898196162518E-002
               149200   1.1493318351795270        8.1559807099999118E-002
               149400   1.0459230780780036        8.3160003527009974E-002
               149600  0.97891428971140215        8.4191045448805527E-002
               149800   1.1095983701284309        8.2250926930587137E-002
               150000   1.1434099552344958        8.1683427729305175E-002
               150200   1.1159516282405737        8.2111731239000965E-002
               150400  0.97058827571772366        8.4348037203915732E-002
               150600   1.0465122099487940        8.3177605924136838E-002
               150800   1.0872838707266201        8.2533929456048871E-002
               151000   1.0874589296711215        8.2520523932865020E-002
               151200  0.97679716486154877        8.4229303014386095E-002
               151400   1.0109585318976770        8.3685502452155405E-002
               151600   1.0167442416678218        8.3688531192059254E-002
               151800   1.0758793392605472        8.2735893366862226E-002
               152000   1.0601324158090222        8.3001011123848639E-002
               152200   1.0482667872018840        8.3159421987308385E-002
               152400   1.0646328258595368        8.2909436090695329E-002
               152600   1.0924562615967193        8.2471380302896954E-002
               152800  0.98120327512103944        8.4172818300477029E-002
               153000  0.98460128572739236        8.4162793668475427E-002
               153200  0.98702637489693146        8.4099054015460126E-002
               153400  0.97558794830733198        8.4203868402379686E-002
               153600   1.0103768102765438        8.3745652459855227E-002
               153800   1.0496831514508744        8.3076059731548191E-002
               154000   1.1005188122840948        8.2272667406095706E-002
               154200   1.0511510103899060        8.3084691271010896E-002
               154400   1.0920133808847317        8.2492705247077469E-002
               154600   1.1618856259483450        8.1429575255985404E-002
               154800   1.0761680075644686        8.2727474230671380E-002
               155000   1.0639305825353265        8.2919522523962993E-002
               155200   1.1027900850855401        8.2360108999413414E-002
               155400   1.0945064017203010        8.2476268201639141E-002
               155600  0.99573522864104291        8.3944522197051785E-002
               155800   1.0019634928213352        8.3867422166343186E-002
               156000   1.0464073981687021        8.3194403947763021E-002
               156200   1.0491226047356725        8.3093134950620734E-002
               156400   1.0892224718689956        8.2537463322848170E-002
               156600   1.1625793535711422        8.1398906128970744E-002
               156800   1.1961452054273103        8.0861844897700957E-002
               157000   1.0402490151868513        8.3288785298429313E-002
               157200   1.0710870807600494        8.2719112126733954E-002
               157400   1.0058362674884846        8.3807332145182240E-002
               157600   1.1250850025976094        8.1949994678798141E-002
               157800   1.0991834354028802        8.2368466488117922E-002
               158000   1.0604955276127550        8.2953113644840912E-002
               158200   1.1095657513677746        8.2210195277804640E-002
               158400   1.0972515299797798        8.2409851354627875E-002
               158600  0.99385305866815066        8.3981765103747968E-002
               158800   1.0602898487651613        8.2982463055936900E-002
               159000  0.98663334746058717        8.4096646899854716E-002
               159200   1.0242615098108507        8.3556024689389927E-002
               159400   1.0985066621212733        8.2360164063802768E-002
               159600   1.0298193817918173        8.3445036234886680E-002
               159800   1.1180903697486431        8.2114963595735169E-002
               160000   1.1156442849978760        8.2131745476540174E-002
               160200   1.0677459215352505        8.2823498376316945E-002
               160400   1.0326203057313839        8.3368733146574128E-002
               160600   1.0664714314511186        8.2849982750641843E-002
               160800   1.0575469502237695        8.2996064768662892E-002
               161000  0.95121964425830474        8.4628576089433902E-002
               161200   1.0420786465057013        8.3223526273141502E-002
               161400  0.98555385662284212        8.4142654903946054E-002
               161600   1.0375391988890774        8.3301676073910966E-002
               161800   1.1371974923300567        8.1778310907556176E-002
               162000   1.1564712299047901        8.1509291925419058E-002
               162200   1.1097264117536703        8.2254367513228691E-002
               162400   1.0448184544913190        8.3246984807782573E-002
               162600   1.0881355353812634        8.2564216755346073E-002
               162800   1.0918963187404667        8.2519351389858303E-002
               163000  0.98753875309940520        8.4129544697077063E-002
               163200   1.1569234553816174        8.1519162516599464E-002
               163400   1.0364877573730886        8.3368021941183770E-002
               163600   1.1192930166581490        8.2055716954736610E-002
               163800   1.0561226550052423        8.3043019288383438E-002
               164000   1.0776305449506827        8.2700270183549973E-002
               164200   1.1344392379352102        8.1857030997384644E-002
               164400   1.0144828107955530        8.3718943728952139E-002
               164600  0.98692289108078590        8.4119833050315576E-002
               164800   1.0648449353120546        8.2841035842029828E-002
               165000   1.1315886488221172        8.1853436560883439E-002
               165200   1.0192865674553193        8.3546156772165481E-002
               165400   1.0472198787037654        8.3191002149967136E-002
               165600   1.1540730023734045        8.1532364166338439E-002
               165800   1.1186978327248558        8.2057965399340418E-002
               166000   1.1308745521300527        8.1894195971528541E-002
               166200   1.0492232159411539        8.3136582229946285E-002
               166400   1.0851567199152317        8.2517661145430299E-002
               166600   1.0393932566810686        8.3274438188830679E-002
               166800   1.1256073003749085        8.1951865443971317E-002
               167000   1.0067905427655619        8.3782373207567262E-002
               167200  0.95033771314107263        8.4666708704319804E-002
               167400   1.0611088708768099        8.2986962003385151E-002
               167600   1.2000431984451676        8.0806641088692940E-002
               167800   1.1143520527921253        8.2121905579095933E-002
               168000   1.1406602283369336        8.1775617765433156E-002
               168200   1.0676194821164551        8.2867424485342261E-002
               168400   1.0332520441191135        8.3422256317559715E-002
               168600   1.0157761606872311        8.3685910858704596E-002
               168800   1.0691946915784916        8.2834825648680957E-002
               169000   1.1530802146337968        8.1557605951106171E-002
               169200   1.1022508951913390        8.2366698288519904E-002
               169400   1.1121158942662015        8.2181630815778173E-002
               169600   1.1915077697821901        8.0997300181420831E-002
               169800   1.0893175028572550        8.2594646669987712E-002
               170000   1.1950948334065494        8.0944854411811540E-002
               170200   1.0758328158990391        8.2801107804473029E-002
               170400   1.0982691830140452        8.2397902134127704E-002
               170600   1.1710921305335253        8.1283853863621691E-002
               170800   1.0911814076369726        8.2550684703437904E-002
               171000   1.1220738713323899        8.0871899106765510E-002
               171200   1.1524991167202046        8.0417113918535232E-002
               171400   1.1391121055095157        8.0616219979856754E-002
               171600   1.0802122462957677        8.1462240195415356E-002
               171800   1.0648807483481115        8.1723155413717011E-002
               172000   1.0624120278747173        8.1779435791838689E-002
               172200   1.0910908973193520        8.1347713663728671E-002
               172400   1.0491406380278394        8.1962089608150879E-002
               172600   1.0612400374475761        8.1748324456702132E-002
               172800   1.0316314980545338        8.2228842147192269E-002
               173000   1.0609854739910631        8.1825208524675563E-002
               173200   1.0474018748898524        8.2024262930482705E-002
               173400   1.0102094822688366        8.2583843519546729E-002
               173600   1.1453195603931419        8.0497551458058814E-002
               173800   1.0764325025433639        8.1521724605358836E-002
               174000   1.0212122881479364        8.2408636927936249E-002
               174200   1.0232422256468112        8.2322825453645651E-002
               174400   1.0432674399485762        8.2012842108655518E-002
               174600  0.97200818358061325        8.3116027824633010E-002
               174800   1.0262914857205638        8.2266222445176951E-002
               175000   1.0375109696552203        8.2154473150727325E-002
               175200   1.0634094924384714        8.1713029864730002E-002
               175400   1.1558340009366446        8.0356973286758213E-002
               175600   1.0921378254647314        8.1363604073114743E-002
               175800   1.1090021139055641        8.1038111046117439E-002
               176000   1.0030424925261701        8.2672679052318551E-002
               176200   1.0824609015138593        8.1440950329380965E-002
               176400   1.1272153968632095        8.0802097559234010E-002
               176600   1.0897019212329468        8.1355573669198003E-002
               176800   1.0239306010413032        8.2390051799985528E-002
               177000   1.0770304767245744        8.1570047105314056E-002
               177200   1.0857334610753047        8.1436133568754732E-002
               177400   1.0096400296908181        8.2548502004865701E-002
               177600  0.97584440638759962        8.3101579360792030E-002
               177800   1.0747772866543228        8.1607045038201320E-002
               178000   1.0280820885068187        8.2306934044058436E-002
               178200   1.0379045430357332        8.2182129545607704E-002
               178400   1.0048447979328325        8.2623781774974162E-002
               178600   1.1080547852561111        8.1089365365533017E-002
               178800   1.0240159114085610        8.2433554100908218E-002
               179000   1.1220378499864208        8.0856147194483460E-002
               179200   1.1753775840866854        8.0018081341553790E-002
               179400   1.0696869299913789        8.1611077509660859E-002
               179600   1.0843217846419271        8.1380183474861228E-002
               179800   1.1126869776779160        8.0972937542343054E-002
               180000   1.0757246318380858        8.1559695827673820E-002
               180200   1.0648898681399219        8.1692335520293188E-002
               180400  0.99561007833855042        8.2728945226133860E-002
               180600   1.0318207234424250        8.2195918760351691E-002
               180800   1.0941534935702661        8.1283095941428393E-002
               181000   1.0856801524896018        8.1400267013621894E-002
               181200   1.0689201802172767        8.1644129662316670E-002
               181400   1.0704780950307387        8.1649981869921034E-002
               181600   1.1007001617595431        8.1149035262162980E-002
               181800   1.1201087926443536        8.0906527443632276E-002
               182000   1.0884220165380916        8.1400274306064599E-002
               182200   1.1241384140338249        8.0839668159354006E-002
               182400   1.1404015724139220        8.0568467351662620E-002
               182600  0.96991445394636988        8.3163180636387876E-002
               182800  0.92663666281282631        8.3835134981635834E-002
               183000   1.0878268124806123        8.1351124006037320E-002
               183200  0.97526974502659491        8.3106675457419010E-002
               183400   1.0980966771977525        8.1222936117787109E-002
               183600   1.0703614125007879        8.1627223274081048E-002
               183800   1.0067831541455583        8.2605806268096979E-002
               184000   1.0517161513493205        8.1920347378183531E-002
               184200   1.0950607715813057        8.1275256857928566E-002
               184400   1.0802918440581579        8.1485116617156295E-002
               184600   1.0632420293323093        8.1748749236320042E-002
               184800   1.0617372127469831        8.1768634783181443E-002
               185000   1.0971809546054478        8.1199486250772418E-002
               185200   1.0745209412849066        8.1521492951315042E-002
               185400   1.1340417088980908        8.0641353094708421E-002
               185600   1.0730607065510935        8.1556692885569299E-002
               185800  0.96722331126620054        8.3197008126652289E-002
               186000   1.0381728227829747        8.2153423209168602E-002
               186200   1.1050741854570110        8.1078196856464987E-002
               186400   1.1213140189782611        8.0827111637107027E-002
               186600  0.99372966139855257        8.2777886302394632E-002
               186800   1.1356361748118133        8.0582877937608058E-002
               187000   1.0450518374851583        8.2047554742336826E-002
               187200   1.0993730146819360        8.1161746967042786E-002
               187400   1.0649974794949015        8.1714214280249747E-002
               187600   1.1473363870889601        8.0442466317096728E-002
               187800   1.1242542993764046        8.0742406816882537E-002
               188000  0.91321867844689730        8.4082302911413886E-002
               188200   1.0528681099154609        8.1877844681801884E-002
               188400   1.0744466427136257        8.1497789702949033E-002
               188600   1.0603398592841473        8.1753217787023005E-002
               188800   1.0433084009222886        8.2035290128290667E-002
               189000  0.97409907322851719        8.3148584052223792E-002
               189200  0.97765504060714725        8.3059320606982096E-002
               189400  0.99636620295390266        8.2754835221783798E-002
               189600   1.0259297437554913        8.2290565714543976E-002
               189800   1.0221158578227469        8.2356437817669353E-002
               190000   1.1012280011602611        8.1127706396596222E-002
               190200  0.96615402551878882        8.3191156033135108E-002
               190400   1.0378525202457534        8.2107433758036530E-002
               190600   1.0385537460429721        8.2137013948959905E-002
               190800   1.1051232706912801        8.1138978263395986E-002
               191000   1.0473106230586549        8.2035122435868718E-002
               191200  0.97182101784301889        8.3186598934862063E-002
               191400   1.1013757913240192        8.1151903767526068E-002
               191600   1.0782203668363015        8.1560497497516510E-002
               191800   1.0814310747062044        8.1467080207214257E-002
               192000   1.1520284174921247        8.0372941838548276E-002
               192200   1.1587060314750468        8.0286854271950148E-002
               192400   1.0225346564291946        8.2367990471015076E-002
               192600   1.1341817991606566        8.0673520788391198E-002
               192800  0.94755646460736465        8.3525515326214481E-002
               193000   1.0858104730126690        8.1422763804535239E-002
               193200  0.95823876600182567        8.3313800058541554E-002
               193400  0.86985393015848922        8.4736174919556914E-002
               193600  0.98965324679637068        8.2928182751295335E-002
               193800   1.0295859853231912        8.2285551023308409E-002
               194000   1.1373386388769962        8.0582315762624437E-002
               194200   1.0148537877010799        8.2477324562258814E-002
               194400   1.0398731688123175        8.2074594964840236E-002
               194600   1.0333589165752228        8.2193864127048044E-002
               194800   1.0826492705939272        8.1447262478047650E-002
               195000  0.97375487077873424        8.3105212704066359E-002
               195200   1.0798388716198479        8.1492430271144611E-002
               195400   1.0841255362828097        8.1399195713772271E-002
               195600  0.98540645782403358        8.2908106612394561E-002
               195800   1.0175141643273136        8.2384734304060084E-002
               196000   1.0508893700030160        8.1838452338318893E-002
               196200   1.0353116523752797        8.2104368119774562E-002
               196400   1.0212970415154881        8.2331986804435195E-002
               196600   1.0081315024235915        8.2549887799001437E-002
               196800   1.0659777795638770        8.1661086176317774E-002
               197000   1.0555629613073956        8.1812242699423707E-002
               197200   1.1380809522483442        8.0608948501112790E-002
               197400   1.0559593394505724        8.1844940127621640E-002
               197600   1.0535148776919214        8.1850782969598565E-002
               197800   1.0422722833883149        8.2037160204001591E-002
               198000   1.0595079303146091        8.1772260984610906E-002
               198200  0.99099307700029193        8.2841363967994949E-002
               198400   1.0975380923286844        8.1158165639866622E-002
               198600   1.0569207372720313        8.1811856101513328E-002
               198800   1.0599845154174465        8.1795518727548422E-002
               199000   1.2120375876254528        7.9435154017506018E-002
               199200   1.0698490112628054        8.1660898644270397E-002
               199400   1.0838787389498472        8.1401958245387124E-002
               199600   1.0445751030786110        8.2003527450861369E-002
               199800   1.0517405262599477        8.1895509549474485E-002
               200000   1.1256152660028824        8.0775669080954918E-002
