                  200  0.96506477191390105        8.3176649519203449E-002
                  400  0.90879991910204716        8.4060794783998583E-002
                  600  0.92230175690720084        8.3881192055314219E-002
                  800  0.97641446176508628        8.3101029740477367E-002
                 1000   1.1454468628152590        8.0488656262386188E-002
                 1200   1.0826971731300696        8.1463339739586360E-002
                 1400   1.0214962708926105        8.2428283287248480E-002
                 1600   1.0250662138622186        8.2395763903116065E-002
                 1800   1.0247501881159262        8.2359930581852842E-002
                 2000   1.1325032810938680        8.0740163606844786E-002
                 2200   1.1831863897905208        7.9993208171704466E-002
                 2400   1.0266723054998474        8.2374996364932770E-002
                 2600   1.1135720622717249        8.1064878753920697E-002
                 2800   1.1746754731803546        8.0102675015357408E-002
                 3000   1.1465655194085411        8.0537531327534745E-002
                 3200   1.1151586205268473        8.1037993265023520E-002
                 3400   1.2219991177813661        7.9396100041493514E-002
                 3600   1.2008772363288871        7.9714004359344087E-002
                 3800   1.1554349485511506        8.0410543248400371E-002
                 4000   1.1597730168852793        8.0326417748546999E-002
                 4200   1.1643523236215636        8.0287013364010576E-002
                 4400   1.1439613266750801        8.0585854818958719E-002
                 4600   1.1255611468932998        8.0810443984305189E-002
                 4800   1.0097655081147230        8.2586664523989453E-002
                 5000  0.97093502264365006        8.3162239164361801E-002
                 5200   1.0493657416862043        8.1966714899178159E-002
                 5400  0.91422868318754502        8.4040317185948205E-002
                 5600   1.0004811104721458        8.2728820900153044E-002
                 5800   1.0498861004613149        8.1977477788345673E-002
                 6000  0.96998999670225505        8.3200355653601607E-002
                 6200   1.0544598504988312        8.1880402211073289E-002
                 6400   1.0911391703900650        8.1350728306367484E-002
                 6600   1.0234217670750585        8.2404766227553675E-002
                 6800   1.0050159360778470        8.2655606166846765E-002
                 7000   1.0803527006254661        8.1514084979117218E-002
                 7200   1.0716158549052432        8.1663587103767241E-002
                 7400   1.1084897259495725        8.1112322985686949E-002
                 7600   1.1151165847176214        8.0967136436827791E-002
                 7800   1.0679884562025617        8.1734734644740917E-002
                 8000   1.0968814659597301        8.1286762056666392E-002
                 8200   1.0896630820674751        8.1395167527512940E-002
                 8400   1.1345059878889419        8.0721732599222815E-002
                 8600   1.1648361422885651        8.0262981768321029E-002
                 8800   1.1280100261358750        8.0820433684823334E-002
                 9000   1.1797139833717996        8.0018041057224348E-002
                 9200   1.1109545005034331        8.1077740816448862E-002
                 9400   1.0343351850938085        8.2271180531848662E-002
                 9600   1.0478572640037751        8.2017026472240864E-002
                 9800   1.1570746196872390        8.0330300256833270E-002
                10000   1.0334066960443915        8.2212473074786102E-002
                10200   1.0792384240989057        8.1560732522223109E-002
                10400  0.98055150602783936        8.3041098620610904E-002
                10600   1.0809649807498887        8.1521355351120914E-002
                10800  0.94262349842919269        8.3594506732696167E-002
                11000  0.89447144256025013        8.4355000079203601E-002
                11200  0.94814667365446592        8.3499234055828389E-002
                11400   1.0112165351096627        8.2518953702505143E-002
                11600   1.0105993281866699        8.2546132246147499E-002
                11800   1.0275168526786433        8.2283604050010950E-002
                12000   1.1217199437353564        8.0855780725541837E-002
                12200   1.0249966380576832        8.2317911271685751E-002
                12400   1.0964556273224217        8.1232859372402863E-002
                12600   1.0762589272352134        8.1536647214415600E-002
                12800  0.94731278364944971        8.3557967071692330E-002
                13000  0.97354838986194292        8.3115224346294078E-002
                13200   1.1371445089205268        8.0619171316531360E-002
                13400   1.0162529644178753        8.2522462203408434E-002
                13600   1.0645270411266814        8.1785282194528103E-002
                13800   1.0305127373692489        8.2278594307106045E-002
                14000  0.94018635607296064        8.3631443252184232E-002
                14200  0.99306926517913441        8.2830635465296273E-002
                14400   1.0605182064894354        8.1783946265813534E-002
                14600  0.96531696812149070        8.3265023843664604E-002
                14800   1.0958242399511207        8.1265485601248161E-002
                15000   1.0501568985034100        8.1946630036888957E-002
                15200  0.94613816245115290        8.3568249887624263E-002
                15400  0.96554750519573285        8.3237169640109590E-002
                15600  0.97502538757301072        8.3127206424604416E-002
                15800   1.0743084531039309        8.1580151632097891E-002
                16000   1.0684244465662687        8.1695038887356144E-002
                16200   1.0237563409452306        8.2335173588953037E-002
                16400   1.0254443530747031        8.2317192059293276E-002
                16600   1.0361248810609132        8.2166264580384632E-002
                16800  0.98798049267015164        8.2915059631603727E-002
                17000  0.92678695986784287        8.3852798133657966E-002
                17200  0.98583790226398849        8.2963854847989169E-002
                17400   1.0056021683430596        8.2642178527356558E-002
                17600   1.0757584204632951        8.1552792344865552E-002
                17800  0.95682158015841079        8.3376464264124137E-002
                18000   1.0611859144349933        8.1801692917896837E-002
                18200   1.0489572702477572        8.1968811950058063E-002
                18400  0.95551488925706562        8.3436965849389963E-002
                18600  0.97823448261893342        8.3086186991357502E-002
                18800   1.1279669887722310        8.0814759433057035E-002
                19000   1.0524494698934259        8.1927405343036691E-002
                19200   1.0061488111917525        8.2600474843475380E-002
                19400  0.96027832363411170        8.3327045703552524E-002
                19600   1.0467953382277606        8.2006720658282989E-002
                19800  0.97780366210356784        8.3075336501931094E-002
                20000   1.0544374816524966        8.1871391208471742E-002
                20200   1.0133819781905331        8.2524738746552237E-002
                20400  0.93632589031993840        8.3663947456041693E-002
                20600  0.94079940384756111        8.3621213354159812E-002
                20800  0.98743183038934601        8.2906358008794340E-002
                21000  0.96146968946184530        8.3297558970510110E-002
                21200   1.0062743468022672        8.2408135064902729E-002
                21400   1.0132635168835993        8.2354546989961391E-002
                21600  0.88500146988967077        8.4338412924930578E-002
                21800   1.0293588624950996        8.2095810192582927E-002
                22000  0.98418374327743507        8.2769524860345944E-002
                22200   1.0219618941498265        8.2233756911517505E-002
                22400   1.0323528832788604        8.2061752326375553E-002
                22600   1.0361728927034031        8.2031514012611814E-002
                22800  0.98386236146983130        8.2801952710820803E-002
                23000  0.99349755911975701        8.2675455237816178E-002
                23200  0.99069287900699099        8.2728435428163022E-002
                23400   1.0159632375959624        8.2354994447178712E-002
                23600  0.97073784268135399        8.3012137941907746E-002
                23800   1.0191563797488032        8.2268837491351568E-002
                24000  0.94214880199029927        8.3476868710628122E-002
                24200  0.98319049555742744        8.2865158742500014E-002
                24400  0.99606812912766673        8.2653091105553217E-002
                24600  0.94117421675036272        8.3509755084841153E-002
                24800  0.94822354271416887        8.3392933381216408E-002
                25000   1.0614852835825410        8.1626998389520450E-002
                25200   1.0650500620443524        8.1599081746297583E-002
                25400   1.0992057346330710        8.1100667056582018E-002
                25600   1.1472438608351812        8.0336035779348863E-002
                25800   1.0290571585543768        8.2130954032430523E-002
                26000   1.1237627925345810        8.0695607344867026E-002
                26200   1.0654870792984112        8.1595403984618203E-002
                26400   1.0545625638307616        8.1784541293674767E-002
                26600   1.0509111696872777        8.1790833689627487E-002
                26800  0.99068429636185085        8.2721063527459976E-002
                27000   1.0022224053222368        8.2574854177515131E-002
                27200   1.0063691302425897        8.2479717285937809E-002
                27400   1.0520640419659255        8.1792677631497349E-002
                27600   1.0119228866231715        8.2399591654862214E-002
                27800  0.97342124273849262        8.2992599930100608E-002
                28000  0.97869075908789949        8.2890979390493030E-002
                28200   1.0293548741854615        8.2162270907988930E-002
                28400   1.0961947662657638        8.1110925310182547E-002
                28600  0.94534814362681707        8.3479409498944626E-002
                28800   1.0347310202259314        8.2042157363187831E-002
                29000   1.0067084360034213        8.2442201870079265E-002
                29200  0.99731825016850828        8.2558869253292227E-002
                29400  0.89154848682494980        8.4214336785102942E-002
                29600  0.95447625442822492        8.3286346291734648E-002
                29800   1.0647074713402913        8.1550071038350977E-002
                30000   1.0374995858341867        8.1945535772306996E-002
                30200   1.0136830397843322        8.2364080875244189E-002
                30400   1.0248149925949654        8.2161876858256336E-002
                30600   1.0133058019702417        8.2379247101776118E-002
                30800   1.0738529417492444        8.1424790101880778E-002
                31000   1.0320786365805898        8.2117999491142166E-002
                31200   1.0953256007942400        8.1097319802420562E-002
                31400   1.1090177286576617        8.0924763949998632E-002
                31600  0.94344231432764691        8.3439174676535388E-002
                31800   1.0233994152676156        8.2186252541082666E-002
                32000  0.96543153793574898        8.3116798556529550E-002
                32200  0.93278107648132014        8.3586562485307242E-002
                32400   1.0082270987157180        8.2413313305111396E-002
                32600  0.90373153904579795        8.4034117840216582E-002
                32800  0.95729862414215272        8.3241998661796726E-002
                33000  0.92709105887948628        8.3670173886775209E-002
                33200  0.94602104832191025        8.3415978829902912E-002
                33400   1.1169320439857835        8.0757002280446924E-002
                33600   1.0327259017043062        8.2094843382671090E-002
                33800  0.96839436566808523        8.3093739926245053E-002
                34000   1.0560693084617077        8.1713499152150426E-002
                34200   1.0306651702977461        8.2086414902222266E-002
                34400   1.0142568911746737        8.2322099490424558E-002
                34600  0.92514872703538320        8.3720456653967906E-002
                34800   1.0079451805794715        8.2404016026969826E-002
                35000  0.98756898047875896        8.2754819652570616E-002
                35200  0.99740877229216440        8.2583581225345634E-002
                35400   1.0655255291716272        8.1530867864462384E-002
                35600   1.0476178000354108        8.1851509101414213E-002
                35800  0.95134628524435527        8.3302671184019170E-002
                36000   1.0178592986924202        8.2258245521435805E-002
                36200  0.91526138870272022        8.3838909530822209E-002
                36400  0.96626525069948477        8.3055129017768833E-002
                36600   1.0988884228999125        8.1053971864833513E-002
                36800  0.95726951165666696        8.3265247788555763E-002
                37000  0.94520146121503767        8.3416529328452310E-002
                37200   1.0024544568847429        8.2566495585180644E-002
                37400   1.0365544493280696        8.2002602068275615E-002
                37600  0.96373289515471361        8.3106122138631985E-002
                37800   1.0933739498326531        8.1119375383874620E-002
                38000   1.0277993807799313        8.2138099972787620E-002
                38200   1.0383445771435567        8.1974189593120111E-002
                38400   1.0290271312940427        8.2162253442444391E-002
                38600  0.97119641332535633        8.2996055737960928E-002
                38800   1.0368664334227262        8.2038877301626331E-002
                39000   1.0048197159501775        8.2547904659355936E-002
                39200   1.0186602247361505        8.2313112692229184E-002
                39400   1.0238857181299965        8.2215153471207669E-002
                39600  0.99121323529390526        8.2727546925616208E-002
                39800   1.0257405835203666        8.2195397806326218E-002
                40000   1.0243578930899730        8.2230891055838987E-002
                40200   1.0125012716177948        8.2373290623935003E-002
                40400  0.98865511768471037        8.2731066778817877E-002
                40600   1.0008567919823390        8.2545101247044131E-002
                40800   1.0537589954790390        8.1756158060532533E-002
                41000  0.94282769060899685        8.3451646296159782E-002
                41200   1.0748263144477992        8.1377980037544900E-002
                41400   1.0436467854895020        8.1852712398317401E-002
                41600  0.96291103266411027        8.3129096841035061E-002
                41800  0.96654580410340274        8.2976156181901545E-002
                42000   1.0105808298347423        8.2383367119636564E-002
                42200   1.0053159405244319        8.2457505319999028E-002
                42400   1.1365821035100987        8.0448422284209023E-002
                42600  0.98821167705214008        8.2734892396850487E-002
                42800   1.0831702749524021        8.1232372824661572E-002
                43000   1.0358049257223301        8.2014113775689013E-002
                43200  0.94064986376291848        8.3421177116838302E-002
                43400   1.0910006920327040        8.1061037632137442E-002
                43600   1.0547332898450430        8.1685142976672995E-002
                43800   1.1089395269213715        8.0850940837424126E-002
                44000   1.0740981783395267        8.1395727703351795E-002
                44200   1.0425341531257384        8.1878985755607217E-002
                44400   1.0190661634063392        8.2252967160340668E-002
                44600   1.0697754090241345        8.1459445134539163E-002
                44800   1.0619418077320366        8.1572031167672948E-002
                45000   1.0090641200456185        8.2364396642552837E-002
                45200   1.0211174208982747        8.2091093808706939E-002
                45400   1.0777583128151307        8.1337175174007473E-002
                45600   1.1094294411990810        8.0844852088582220E-002
                45800  0.98900730949570237        8.2708240916518280E-002
                46000   1.0630409301544013        8.1553259967122135E-002
                46200   1.1431951734675694        8.0313904627242458E-002
                46400  0.98445114000321265        8.2781084475071806E-002
                46600  0.98943057806462031        8.2667835401859860E-002
                46800  0.91242321536738680        8.3860620701926417E-002
                47000   1.0101525433446832        8.2369838482824420E-002
                47200   1.0547436607639531        8.1657739289455467E-002
                47400  0.95351530986337252        8.3228599952114943E-002
                47600  0.95976094704624015        8.3146767111398859E-002
                47800   1.0287821448962444        8.2089706696019560E-002
                48000  0.95504926008511215        8.3212869037958132E-002
                48200   1.0245352116130468        8.2098462939347694E-002
                48400   1.0154750641574657        8.2287906914454340E-002
                48600   1.0707354473395707        8.1414190255636232E-002
                48800   1.0017374734258764        8.2524160116892273E-002
                49000   1.0696906735258802        8.1434554125171213E-002
                49200  0.99919423331722768        8.2518117503032617E-002
                49400  0.99499179667051640        8.2617015342304312E-002
                49600   1.0086419277863867        8.2382236916545740E-002
                49800   1.0113548150780869        8.2321785301908090E-002
                50000  0.98945160263913901        8.2699657795930151E-002
                50200   1.0339239767429493        8.1984593705307640E-002
                50400   1.1161664577963810        8.0766375585107839E-002
                50600   1.0721585483462506        8.1402475571248065E-002
                50800   1.0442440133670003        8.1828285932934480E-002
                51000   1.0343873757552475        8.2017296549949270E-002
                51200  0.97132152100678559        8.2935736270734972E-002
                51400  0.93611791786915854        8.3482159988259280E-002
                51600   1.0206464456216557        8.2191523566203711E-002
                51800  0.96662350041551348        8.3030059643100257E-002
                52000  0.98358279854271835        8.2777453167809933E-002
                52200   1.0415167172147153        8.1853043835515268E-002
                52400  0.97931905496146276        8.2830912017072558E-002
                52600   1.0960684904627644        8.1057769863059737E-002
                52800   1.0127166511971850        8.2295214978810066E-002
                53000  0.91306121680318497        8.3827724153472852E-002
                53200  0.95263460692679847        8.3264136471273203E-002
                53400   1.0790569986435572        8.1256314222000775E-002
                53600  0.99755809557507391        8.2566065803302308E-002
                53800  0.95219618154128127        8.3263661760571067E-002
                54000  0.95795455354578418        8.3169134855804197E-002
                54200  0.95491615860208623        8.3168285443157047E-002
                54400   1.0518479859932399        8.1737741460566365E-002
                54600   1.0854784550074370        8.1221346236226358E-002
                54800  0.99766010152008444        8.2587769953505266E-002
                55000  0.98331988261270264        8.2759873379269142E-002
                55200  0.79539609146049850        8.5621092215113090E-002
                55400  0.96075130313424972        8.3109498884969046E-002
                55600  0.94668587932635295        8.3311265119887304E-002
                55800  0.95386955459043032        8.3201728112484163E-002
                56000  0.96172713954465683        8.3079943180989116E-002
                56200  0.96187858001169824        8.3111911503112937E-002
                56400  0.95444609617953957        8.3226864431243025E-002
                56600  0.92830096176880028        8.3687404500249141E-002
                56800  0.99415768716196762        8.2577685534281561E-002
                57000   1.0759940544730104        8.1314978000676483E-002
                57200  0.92526225244343119        8.3628124745918395E-002
                57400  0.94402017326868437        8.3338065956828730E-002
                57600   1.0239217342943001        8.2116810491703773E-002
                57800  0.95507320146946428        8.3186455435132978E-002
                58000   1.0503463955329626        8.1690040000527431E-002
                58200   1.0079093246839588        8.2339690795824733E-002
                58400   1.0191988364191689        8.2188137056137672E-002
                58600   1.0893623630061218        8.1656339165097902E-002
                58800   1.1351618511168495        8.0920840472365918E-002
                59000  0.94918474137334441        8.3782273176850705E-002
                59200  0.97747600303549220        8.3381061541007925E-002
                59400   1.0097796856232095        8.2908386106199605E-002
                59600   1.0933720704256376        8.1603014764808898E-002
                59800  0.92615659517938620        8.4185980405657238E-002
                60000   1.0358840314400790        8.2496545879895092E-002
                60200   1.0443428449035339        8.2366540225453963E-002
                60400  0.98926120406486895        8.3170457532790454E-002
                60600  0.90764351616924743        8.4446160661464861E-002
                60800   1.0373054647460784        8.2460570040830461E-002
                61000   1.0565553607176768        8.2181772422771748E-002
                61200   1.0338945311624970        8.2515834800944612E-002
                61400  0.95998707432694574        8.3661484080217813E-002
                61600   1.0678404987654715        8.1984155530583330E-002
                61800   1.0734734683202571        8.1918610570879513E-002
                62000   1.0543447239574204        8.2220555215872473E-002
                62200   1.0350947514374855        8.2529154563233231E-002
                62400   1.0419465788974123        8.2419031677227916E-002
                62600   1.0903375131964412        8.1649026392937141E-002
                62800  0.99538044594806285        8.3153409382754062E-002
                63000   1.1323518350613213        8.1022972849195102E-002
                63200   1.1118546392916879        8.1345658862254033E-002
                63400   1.1065682860786157        8.1440899205584741E-002
                63600   1.0865525835150249        8.1737803299618550E-002
                63800   1.0659029297016680        8.2055350001619953E-002
                64000   1.0486936395446314        8.2270282372440356E-002
                64200   1.0826502534024702        8.1815643600932422E-002
                64400   1.0061442852525277        8.2948326840123293E-002
                64600  0.94339111868854253        8.3937979628761622E-002
                64800   1.0142282835535938        8.2808804073976533E-002
                65000   1.0650731675342848        8.2028389781363176E-002
                65200   1.0493239065610918        8.2225697264634523E-002
                65400  0.99920328167910688        8.3077892339525880E-002
                65600   1.0419471479751492        8.2426100424359022E-002
                65800   1.0717305618583906        8.1963477486452010E-002
                66000   1.0056270528262474        8.2987822687416710E-002
                66200   1.0642678251744064        8.2037593037156423E-002
                66400   1.1148933889898505        8.1294550342282862E-002
                66600   1.1355698841988229        8.0939580248982040E-002
                66800   1.0819770618203870        8.1829817500567115E-002
                67000   1.1249951811774195        8.1112523078048310E-002
                67200  0.97912482508507559        8.3400795843957057E-002
                67400   1.0512481865422330        8.2315491364038443E-002
                67600   1.0817411453751300        8.1822558083614411E-002
                67800   1.1256915466137964        8.1095775753122157E-002
                68000  0.98289778369713188        8.3279705682549596E-002
                68200   1.0766273058232698        8.1849544516955683E-002
                68400   1.0468625979678121        8.2308326326816089E-002
                68600   1.0691140257975451        8.1964267847352890E-002
                68800   1.0039634489360925        8.3008777779289555E-002
                69000   1.0849728055052017        8.1725006448328585E-002
                69200  0.98359703956090927        8.3291872284616486E-002
                69400  0.99269384012485562        8.3152853534211146E-002
                69600   1.0003245743719880        8.3043813286426599E-002
                69800   1.0401419826097893        8.2439578493868765E-002
                70000   1.0597695778394320        8.2118130333340103E-002
                70200   1.0597275410387750        8.2119471095475891E-002
                70400   1.0393309398994164        8.2436054008899265E-002
                70600  0.97905818295813085        8.3365129318108480E-002
                70800   1.0856198752899955        8.1745519982235809E-002
                71000   1.0711893651083728        8.1934303685003207E-002
                71200  0.98992309549299762        8.3190803035139343E-002
                71400   1.0492674479568449        8.2216632193932174E-002
                71600  0.97344631947111149        8.3437743406535453E-002
                71800   1.0630165775297868        8.2093784049860827E-002
                72000   1.0570502899764675        8.2179222494301901E-002
                72200   1.0624421414086560        8.2096507731561297E-002
                72400   1.0564277138594689        8.2170791063217674E-002
                72600   1.1323789129789124        8.1022949949776199E-002
                72800   1.0491719825244838        8.2294586169780817E-002
                73000   1.0632801375297389        8.2093848841143305E-002
                73200   1.1020271927512919        8.1474773040599843E-002
                73400   1.0805976891112270        8.1793603464275139E-002
                73600   1.0164200547878832        8.2740056292009423E-002
                73800   1.0559470062548530        8.2164542887701503E-002
                74000   1.0183233545110624        8.2721650655501980E-002
                74200   1.0070998086803153        8.2944560242546067E-002
                74400   1.0406492381979151        8.2415781631725638E-002
                74600   1.0459967708001090        8.2296823034193320E-002
                74800  0.93195198780306499        8.4050049008084507E-002
                75000   1.0730689010898153        8.1878534659373337E-002
                75200   1.0044710071808898        8.3003783152549443E-002
                75400   1.0019071053263420        8.2988489184980710E-002
                75600   1.1022582003810408        8.1452541895072117E-002
                75800  0.92388543295817971        8.4205089272697778E-002
                76000   1.0359119131502603        8.2503067695497312E-002
                76200  0.94609917289222778        8.3838769273406583E-002
                76400   1.0590539026516390        8.2137267456410715E-002
                76600  0.91482675903089727        8.4394595043073575E-002
                76800  0.98676029338986815        8.3230232978474983E-002
                77000  0.98780861497502792        8.3234931936090745E-002
                77200  0.94127772093861917        8.3963803357492928E-002
                77400   1.0563883145858695        8.2234887314686353E-002
                77600  0.99107943039828095        8.3217782927392681E-002
                77800   1.0911739159103271        8.1667690777498608E-002
                78000   1.0170545125441590        8.2796443467303707E-002
                78200  0.97914133103186274        8.3382056271535165E-002
                78400   1.0685182218408096        8.1993124420923894E-002
                78600  0.92983388979956738        8.4105791332272167E-002
                78800   1.0474550063832153        8.2370921174598793E-002
                79000   1.0047778733928263        8.3035579869187276E-002
                79200   1.0868805397155625        8.1757931480990892E-002
                79400   1.1011649506205818        8.1508761826402348E-002
                79600   1.1312918245700840        8.1046549866275533E-002
                79800   1.1019246221489991        8.1525058213890625E-002
                80000  0.89909100898397032        8.4651359773203483E-002
                80200  0.98642289824524498        8.3267375881910452E-002
                80400   1.0203860477458895        8.2784041344127202E-002
                80600  0.99697317477081171        8.3109262838629308E-002
                80800   1.0246255580333696        8.2680200905103099E-002
                81000   1.0097840063654633        8.2929490288040170E-002
                81200  0.94447474062641901        8.3952522604032409E-002
                81400   1.0329767383222279        8.2552902791417818E-002
                81600  0.89979605359190562        8.4626080007366017E-002
                81800   1.0208759173602566        8.2695591267895344E-002
                82000  0.99732199030595436        8.3066155758363652E-002
                82200   1.0580825311730095        8.2197814744552192E-002
                82400  0.97091781752791462        8.3489973877928836E-002
                82600  0.98336703250960034        8.3306758896881689E-002
                82800   1.0160810861602918        8.2806546422810268E-002
                83000  0.97076651006078163        8.3479794321401443E-002
                83200  0.90339793911207611        8.4526391708477464E-002
                83400  0.96846325348794726        8.3510780434401286E-002
                83600  0.96191189685120981        8.3657701796965772E-002
                83800  0.98355940644883200        8.3312725527623213E-002
                84000   1.0487051144426727        8.2267108458722538E-002
                84200   1.0194833002754475        8.2683528204095816E-002
                84400   1.0065260181342115        8.2922867882802218E-002
                84600  0.92421995637498455        8.4236111534013655E-002
                84800   1.0303901429191986        8.2632530698908899E-002
                85000   1.1347720674339246        8.1052489291056518E-002
                85200   1.0662240464806385        8.2059504088686772E-002
                85400  0.94254120990915602        8.3957900962179088E-002
                85600   1.0883398451885595        8.1712820854592930E-002
                85800   1.0548420747755116        8.2263652108601440E-002
                86000  0.95390095043976031        8.3827934863708695E-002
                86200  0.93085441768830857        8.4205761843637733E-002
                86400   1.1076366048082509        8.1486327009914816E-002
                86600  0.98717996841199840        8.3294917770189075E-002
                86800   1.1089120319647596        8.1468597331844333E-002
                87000   1.0150137564658175        8.2875341981705111E-002
                87200   1.0505969445779906        8.2334822241135600E-002
                87400  0.98916299639649197        8.3309611632021927E-002
                87600   1.0449245324542764        8.2470736001304376E-002
                87800   1.0706316493865538        8.2069378582207822E-002
                88000   1.0584977731124956        8.2268450115230179E-002
                88200   1.0450545165365790        8.2448000025399468E-002
                88400  0.95492573362624933        8.3866328946071836E-002
                88600  0.91066081337514482        8.4494258863297658E-002
                88800   1.1556890270257074        8.1290376320180810E-002
                89000   1.0714558371699412        8.0945288361145437E-002
                89200   1.0090479410333928        8.1899012909594851E-002
                89400   1.0616007756301562        8.1129012360182134E-002
                89600   1.0548091874219920        8.1186831870224338E-002
                89800  0.99822499062144421        8.2051866549555014E-002
                90000   1.0792905214639266        8.0830147966345300E-002
                90200  0.97346154788861250        8.2446970021061702E-002
                90400  0.96184463505539952        8.2656652912548687E-002
                90600   1.0764990226456910        8.0839586019272047E-002
                90800   1.1179785802528166        8.0244016318711822E-002
                91000   1.0546059368862479        8.1179001435648906E-002
                91200   1.0276856884776056        8.1632606222312068E-002
                91400   1.0478585897043546        8.1272958828825057E-002
                91600   1.1974473597260431        7.8985734802546045E-002
                91800  0.97753590657070810        8.2366060663330284E-002
                92000   1.0251053752368620        8.1623038104728499E-002
                92200  0.98624256008633915        8.2252438698262917E-002
                92400   1.0693663519077279        8.0964997613131820E-002
                92600   1.1126028007760831        8.0334846945053648E-002
                92800  0.98241905488656278        8.2327734358992100E-002
                93000  0.98676078301826708        8.2230056946619362E-002
                93200   1.0530163449216305        8.1215796562239581E-002
                93400  0.98614610412140180        8.2197111111174212E-002
                93600  0.97485796212545972        8.2360416968046829E-002
                93800  0.90434386552455881        8.3467085367087510E-002
                94000   1.1076608539089328        8.0328374555801774E-002
                94200  0.98811166144511975        8.2174057329543332E-002
                94400   1.0337264713941507        8.1518900244586287E-002
                94600  0.98618373560406569        8.2212520961315982E-002
                94800   1.0250104915199898        8.1590574981053571E-002
                95000  0.97885920545008387        8.2313875095854847E-002
                95200   1.0227100146993697        8.1707952743704987E-002
                95400   1.0165527927906950        8.1760417129956200E-002
                95600   1.0096327715457543        8.1840374527677215E-002
                95800  0.96571880655253073        8.2540767421470373E-002
                96000  0.85585176874644009        8.4203622721758575E-002
                96200  0.97772033332968289        8.2310637115331278E-002
                96400   1.0220463504930752        8.1676915984343693E-002
                96600   1.0303724671386039        8.1544563990756491E-002
                96800   1.0504235724963233        8.1242938721961783E-002
                97000   1.0457182609927365        8.1345364968877495E-002
                97200  0.98516740254106083        8.2232416914827702E-002
                97400   1.0512677903495500        8.1195470342117007E-002
                97600  0.97009056701244689        8.2466717676297985E-002
                97800  0.99868827801721938        8.2014181536983727E-002
                98000  0.99490376029171879        8.2111189532635881E-002
                98200  0.96443882053048435        8.2526947430256847E-002
                98400   1.1196381504517015        8.0204678202797378E-002
                98600   1.0230598023816895        8.1667603476239317E-002
                98800   1.1020139581726840        8.0442599255523231E-002
                99000   1.1084117891858583        8.0381703292859444E-002
                99200   1.0437774886277171        8.1348037872869289E-002
                99400   1.0320436741625005        8.1544611524602004E-002
                99600   1.0198494401469078        8.1703878460505752E-002
                99800   1.0060181119227978        8.1893542909860145E-002
               100000  0.91994771711353152        8.3218528958282884E-002
               100200   1.0236336206941141        8.1622435083174225E-002
               100400   1.0648610499473887        8.0996840120967140E-002
               100600  0.95818580335083425        8.2657091206164685E-002
               100800   1.0391245821963735        8.1365029735139649E-002
               101000   1.0426266493887373        8.1331061805919452E-002
               101200   1.0830397075531650        8.0758677188943695E-002
               101400   1.0504713966090660        8.1253958200971518E-002
               101600   1.1382703458181653        7.9936449644386662E-002
               101800   1.0744291901134064        8.0890028919651857E-002
               102000   1.0122168568957288        8.1832918632133392E-002
               102200   1.0554951570829723        8.1152578951307799E-002
               102400   1.0272630494946144        8.1614270775437939E-002
               102600   1.1017648485096441        8.0451737282116673E-002
               102800   1.0999145923126918        8.0463896614440186E-002
               103000  0.99251226806502924        8.2114504242313507E-002
               103200   1.0433719767776790        8.1337432174611299E-002
               103400   1.0677847661240976        8.0978657028164064E-002
               103600   1.0544002047112737        8.1217013296331075E-002
               103800   1.1019612744999561        8.0479434111930773E-002
               104000   1.0590363814779329        8.1111558535863965E-002
               104200  0.98238741833698329        8.2284898087820524E-002
               104400   1.0181717427301096        8.1741026892008642E-002
               104600   1.0851126118853183        8.0627180045953067E-002
               104800   1.0499606002795916        8.1220069053294236E-002
               105000   1.0131511149531256        8.1778582864976759E-002
               105200   1.0496370759954570        8.1253977262802354E-002
               105400   1.0790480563455236        8.0790974065306220E-002
               105600   1.0038004547598567        8.1958172289260153E-002
               105800  0.99462190544141071        8.2060176495828974E-002
               106000   1.1138574826991257        8.0246736762111054E-002
               106200  0.95582570695167746        8.2724000052623578E-002
               106400   1.0923097304393281        8.0633956669332776E-002
               106600  0.99350687010022043        8.2101842640095124E-002
               106800   1.0352185247372605        8.1448952399520991E-002
               107000  0.97291548412061934        8.2425862319893559E-002
               107200   1.0373063796212794        8.1386504278628993E-002
               107400  0.94482861695544484        8.2822140619353196E-002
               107600  0.89014224710739598        8.3675449405429037E-002
               107800   1.0358616357556216        8.1472149725520540E-002
               108000   1.0890288095949237        8.0638940054177974E-002
               108200   1.1391612146767374        7.9893418981529088E-002
               108400   1.0288214039495727        8.1595939704021597E-002
               108600   1.0327580243958316        8.1517014750961625E-002
               108800   1.0822651416095173        8.0783126007470285E-002
               109000   1.0527456891762483        8.1233479836462841E-002
               109200   1.0660115883876715        8.1010459540273472E-002
               109400   1.0549549689837212        8.1172624110115471E-002
               109600   1.0940578039663400        8.0606057137870724E-002
               109800   1.1209921367348030        8.0137968472555207E-002
               110000  0.97000476384772716        8.2494082515655043E-002
               110200   1.0227203201767014        8.1652153615395587E-002
               110400  0.99350024292134831        8.2081731088767151E-002
               110600  0.98866192582853163        8.2152437758127972E-002
               110800  0.96865382946311607        8.2474807960843333E-002
               111000   1.0177307326515515        8.1704219048595497E-002
               111200   1.0938519111945824        8.0566850602288798E-002
               111400   1.0000554106339670        8.2040381105064369E-002
               111600   1.0845716081505545        8.0691057736640981E-002
               111800  0.93322979960148056        8.3108414033786465E-002
               112000   1.0506250779582103        8.1241288414981919E-002
               112200   1.0910149955210244        8.0616335775173159E-002
               112400  0.99113348389301148        8.2162509557579491E-002
               112600  0.99670525638132312        8.2068332191106763E-002
               112800  0.98866056044867667        8.2141476442160882E-002
               113000  0.99314985134926848        8.2111899350574030E-002
               113200   1.0439618296596760        8.1359101721729860E-002
               113400  0.90089248944396239        8.3564730864565923E-002
               113600   1.0412791092176310        8.1390954381609912E-002
               113800   1.0296313161476549        8.1550163031738065E-002
               114000  0.95325265669755221        8.2717467913312692E-002
               114200   1.0886319506154101        8.0643727920545305E-002
               114400  0.97782350415150476        8.2291571823182433E-002
               114600  0.99207525760488957        8.2156696633754356E-002
               114800   1.0225030805662989        8.1654240415089924E-002
               115000   1.0406071008838496        8.1356433086488114E-002
               115200   1.0724843495353318        8.0913182755651986E-002
               115400   1.0338209168258805        8.1474394726101226E-002
               115600   1.0777979440739016        8.0822999190365757E-002
               115800  0.99946724686103072        8.2070313126997418E-002
               116000  0.95917183246102811        8.2642612752848912E-002
               116200   1.0838231893913999        8.0716758970186306E-002
               116400   1.0390577348608112        8.1425037703930253E-002
               116600   1.0118552683585018        8.1792907566786227E-002
               116800  0.96915709246646775        8.2566752520626355E-002
               117000   1.0513241932545772        8.1199585319770201E-002
               117200   1.0710850095781963        8.0894096527465029E-002
               117400   1.1235467518322786        8.0117209186069155E-002
               117600   1.0488110792495662        8.1244925253688982E-002
               117800   1.0534461814604523        8.1188243550170722E-002
               118000   1.0005044032052002        8.2012571174233634E-002
               118200   1.0288771366944145        8.1559655397580783E-002
               118400   1.1357040818123720        7.9914818114766278E-002
               118600   1.1126422137945420        8.0300477136382539E-002
               118800  0.94202206251861531        8.2926743282640755E-002
               119000   1.0737080443829130        8.0867887971408689E-002
               119200   1.0950482739621319        8.0555749319761408E-002
               119400  0.96414524943410695        8.2552426648468069E-002
               119600   1.0416796347717590        8.1366817884496748E-002
               119800  0.98545460319297074        8.2203834401549589E-002
               120000   1.0215544915107972        8.1705904863308643E-002
               120200   1.1274020448441966        8.0067028291491732E-002
               120400   1.1089496592231545        8.0340749293979996E-002
               120600   1.1057696326844315        8.0391004780592190E-002
               120800   1.0628097886573127        8.1072044720366096E-002
               121000   1.0139513123230866        8.1807029738749898E-002
               121200   1.0754563374637258        8.0847123064063595E-002
               121400   1.0284574094154972        8.1605239156200701E-002
               121600   1.0185815833037053        8.1680022711375214E-002
               121800  0.95850198794187069        8.2676483034157269E-002
               122000   1.0389416694512170        8.1385587096320586E-002
               122200   1.0273191017985492        8.1559806765027346E-002
               122400   1.0810894857646145        8.0770289164411993E-002
               122600   1.0267331369449961        8.1603857812310013E-002
               122800  0.99815793057769531        8.2010355069949289E-002
               123000  0.98942525156685524        8.2183138251218701E-002
               123200  0.97039984536331969        8.2473169027778279E-002
               123400   1.0112930313560697        8.1881975153790656E-002
               123600   1.0564905307905406        8.1167486851668344E-002
               123800   1.0591760038928513        8.1129095579943744E-002
               124000   1.1754695134894042        7.9313751657656126E-002
               124200  0.99154001539647008        8.2135724778596028E-002
               124400   1.0317333624377385        8.1520732341069727E-002
               124600   1.0375638526314863        8.1467561614871495E-002
               124800   1.0240317764769513        8.1688594696511546E-002
               125000   1.0735223969225105        8.0908446789211705E-002
               125200   1.1250677708694490        8.0155554920235267E-002
               125400   1.0988160803327109        8.0537386361185348E-002
               125600   1.1225652536824648        8.0202232817572883E-002
               125800   1.0619476035928597        8.1100542250043220E-002
               126000   1.0704807790758166        8.0911813477832953E-002
               126200   1.0286214884358815        8.1578202711206943E-002
               126400   1.0857994949216856        8.0758373967987976E-002
               126600   1.0310721365783782        8.1585229377381524E-002
               126800   1.1392225463044052        7.9884040318449326E-002
               127000  0.95590206546885592        8.2738841713692335E-002
               127200   1.0676686020634840        8.0964260832609075E-002
               127400  0.98246503008986263        8.2273567903160955E-002
               127600  0.96911637926223060        8.2515242807306488E-002
               127800   1.0111905753440726        8.1887592320265712E-002
               128000  0.97241497865955207        8.2470034207750897E-002
               128200   1.0149560581465134        8.1809009774599512E-002
               128400   1.0395096219704429        8.1434262668432775E-002
               128600  0.97334619233801756        8.2454769853772605E-002
               128800   1.0024611467668960        8.2037967284792165E-002
               129000   1.0787165047771681        8.0823800429657075E-002
               129200   1.0526907322325527        8.1239241727672537E-002
               129400   1.0090135723431084        8.1931149175010973E-002
               129600   1.0060554086475795        8.1930765882873777E-002
               129800  0.98494758997125209        8.2262217081512573E-002
               130000   1.0854911743222637        8.0715004773880966E-002
               130200   1.0107886786826070        8.1892506027712655E-002
               130400  0.98831851115253511        8.2225895576103533E-002
               130600   1.1127170680058747        8.0324364672864357E-002
               130800   1.0608224687299777        8.1136535661538015E-002
               131000   1.0340914654043860        8.1532783554519969E-002
               131200   1.0747742104351496        8.0941107505321852E-002
               131400   1.0808644934974350        8.0806374542600104E-002
               131600   1.0340683019397825        8.1552380088431492E-002
               131800   1.1993038966215239        7.8995421637440347E-002
               132000   1.1059314779099791        8.0438454306232018E-002
               132200   1.0555064281918933        8.1211086987563602E-002
               132400   1.0708629514686183        8.0956257422595768E-002
               132600   1.0481807367936766        8.1331017754088353E-002
               132800   1.0591399505509169        8.1127939312133149E-002
               133000  0.96344085447299066        8.2597645955209228E-002
               133200   1.0066754541449221        8.1927052771450820E-002
               133400   1.1059627534219183        8.0402910392473159E-002
               133600   1.1142413860246421        8.0330717232450749E-002
               133800   1.1256979877276654        8.0137255281749434E-002
               134000   1.0538592812612400        8.1252714883067817E-002
               134200  0.92661325882356915        8.3203086946801105E-002
               134400  0.99187184811466678        8.2179297005714178E-002
               134600   1.0525530427643159        8.1228214828446124E-002
               134800   1.1203891910076857        8.0182463241741067E-002
               135000   1.0429836754660295        8.1404097883976345E-002
               135200   1.0626209750646223        8.1076805134538396E-002
               135400   1.0894178637351886        8.0701529476883221E-002
               135600   1.0651580228903832        8.1062201507031528E-002
               135800  0.98808124038712175        8.2236254988337643E-002
               136000   1.0060290796070095        8.1981093876162717E-002
               136200   1.0017995526995485        8.2057970525069426E-002
               136400   1.0438846661444698        8.1350352217943719E-002
               136600   1.0925798036910410        8.0647506554318099E-002
               136800   1.0623371022345252        8.1125312049504267E-002
               137000   1.0778198562387913        8.0890956820823298E-002
               137200   1.0093847626341053        8.1965739534569801E-002
               137400   1.0243225684382382        8.1683659441280032E-002
               137600   1.0552905339159684        8.1220620493628035E-002
               137800   1.1149910148903948        8.0332623418282983E-002
               138000   1.0040440552300700        8.2003955739219037E-002
               138200   1.0424923848910053        8.1360656871243622E-002
               138400  0.98016125659102693        8.2345196727567155E-002
               138600   1.0121848351923786        8.1904743411257239E-002
               138800  0.99854545690075514        8.1996550781996830E-002
               139000   1.0069065657375142        8.1924020189173233E-002
               139200   1.0006765650887268        8.2044642035549689E-002
               139400  0.99982141058546325        8.1995360310041204E-002
               139600   1.0904495431824277        8.0631920016470141E-002
               139800   1.1509082632703829        7.9741362913790595E-002
               140000  0.97197426206198012        8.2467758905031371E-002
               140200  0.95458293580027731        8.2770233903396453E-002
               140400  0.92725867474837231        8.3181310633872338E-002
               140600   1.0428678953213513        8.1380534331938356E-002
               140800   1.0472909046150503        8.1336748911153570E-002
               141000  0.95327982155524860        8.2742467640170514E-002
               141200   1.0266102199937337        8.1600818020071755E-002
               141400   1.0966369858311518        8.0595486288929971E-002
               141600  0.98000261103632624        8.2344326503294457E-002
               141800  0.93553748823407845        8.3022744833983211E-002
               142000   1.0236236380714978        8.1711355843010550E-002
               142200   1.1055810757430877        8.0433144049317520E-002
               142400   1.0512159630167393        8.1265355737073247E-002
               142600  0.98242227820553907        8.2312311838558888E-002
               142800   1.1751055645932178        7.9350254807686690E-002
               143000   1.0586763376720154        8.1118825474614992E-002
               143200   1.0923651153177807        8.0657342281886174E-002
               143400   1.0685612443202674        8.0944078235065997E-002
               143600  0.97387709618747009        8.2411018976073822E-002
               143800   1.0166188546721850        8.1782874440038011E-002
               144000  0.93519522137031685        8.2998485607585007E-002
               144200   1.0041125199970686        8.1919623970612462E-002
               144400   1.0500978472017506        8.1228328236282746E-002
               144600  0.98333071274470896        8.2303268566251864E-002
               144800  0.97840389526117200        8.2378651918902174E-002
               145000   1.0372839707009285        8.1478843462783071E-002
               145200  0.95822789901186944        8.2658505572641386E-002
               145400   1.0111488879150328        8.1806616129949855E-002
               145600   1.1288026015271715        8.0026626590628702E-002
               145800   1.0888802468838263        8.0642509593506106E-002
               146000   1.1399121492109163        7.9910239789192858E-002
               146200   1.0158596239217650        8.1833834098527805E-002
               146400  0.99800730209746713        8.2069561916693151E-002
               146600   1.0336109824660065        8.1475638187071792E-002
               146800  0.98413345316584000        8.2248986643550043E-002
               147000  0.90667662567125551        8.3465000453564447E-002
               147200  0.97285755547492159        8.2421336426454966E-002
               147400   1.0476495556972338        8.1276178125620185E-002
               147600  0.94278346041541494        8.2908700429990004E-002
               147800  0.96025482198346912        8.2709100890705226E-002
               148000   1.0389388196607245        8.1448951531197744E-002
               148200   1.0307409604096429        8.1573952705237346E-002
               148400   1.0287189225545361        8.1576520711774986E-002
               148600   1.1322280613148912        8.0025169644047087E-002
               148800   1.0327861160154315        8.1537668378056455E-002
               149000   1.0277105121706163        8.1569143830005686E-002
               149200   1.0064808199668036        8.1949228673130273E-002
               149400   1.1336100227326584        7.9988300673076315E-002
               149600   1.0431139234877262        8.1411471216487119E-002
               149800   1.0670413785587005        8.1054469120337896E-002
               150000   1.1866999224882331        7.9209701478036076E-002
               150200   1.1069462312493508        8.0407886939075773E-002
               150400   1.0893025084236045        8.0720476642045999E-002
               150600  0.98547281156399869        8.2256730974461317E-002
               150800   1.1018367082277321        8.0496865648369109E-002
               151000   1.0115817090604742        8.1849753875241030E-002
               151200  0.98619953339247313        8.2227289771719003E-002
               151400   1.0375681319737446        8.1438550449486072E-002
               151600  0.93097645193451328        8.3128378601105710E-002
               151800  0.96783815768951442        8.2505603605328423E-002
               152000  0.99342383251749278        8.2111658901589960E-002
               152200  0.98146376828754245        8.2357428771474228E-002
               152400  0.93339824567996210        8.3066544325953479E-002
               152600   1.0293095426333236        8.1613465262477619E-002
               152800   1.0028779671221950        8.1969696827267471E-002
               153000   1.0688255228832866        8.0990869255294418E-002
               153200  0.97951388682591300        8.2379111755940398E-002
               153400   1.1101588773255362        8.0348770455038035E-002
               153600   1.0037677575687751        8.1996509440242671E-002
               153800   1.0404963832656438        8.1454395903201707E-002
               154000   1.0009870032968620        8.2032768579112320E-002
               154200   1.0024651609626418        8.2043735829795100E-002
               154400   1.0078440341500317        8.1948843316765344E-002
               154600  0.92642770780439776        8.3207155679118350E-002
               154800   1.0314272812290384        8.1611665211068246E-002
               155000  0.99282053405916126        8.2123667073748408E-002
               155200  0.97134383569937199        8.2471621824623781E-002
               155400   1.0157162890620450        8.1813552113223609E-002
               155600  0.92321919076513270        8.3223000587097001E-002
               155800  0.97829053591154913        8.2355843282372623E-002
               156000   1.0282011455443703        8.1608956278152428E-002
               156200   1.0612759962878580        8.1149643913342839E-002
               156400   1.0351519685735997        8.1507329369316511E-002
               156600   1.0568032353438477        8.1181448169713941E-002
               156800  0.96959040384113604        8.2530409054248646E-002
               157000  0.96450333447935255        8.2600555529263334E-002
               157200   1.0985568431248118        8.0538404144623224E-002
               157400   1.0258404078861503        8.1679253409371003E-002
               157600   1.0709971441511181        8.0973519704824540E-002
               157800   1.0292329793968589        8.1600844623377147E-002
               158000   1.0170285625429758        8.1849205494634647E-002
               158200  0.92976850724797189        8.3113269378799828E-002
               158400   1.0372702686943938        8.1515183342769901E-002
               158600  0.88034517783819277        8.3899206957448264E-002
               158800  0.99573183632002171        8.2117857278493037E-002
               159000  0.95621024502378171        8.2744968000950020E-002
               159200   1.0664785663677934        8.0970192143683811E-002
               159400   1.0114207473910755        8.1876594691009497E-002
               159600   1.0088405667748868        8.1916280803301877E-002
               159800  0.91286318794110966        8.3408839112599345E-002
               160000  0.96806201075087850        8.2535675601614497E-002
               160200  0.97084010309916435        8.2527708712481218E-002
               160400   1.0571429127340175        8.1203716427035888E-002
               160600   1.0380206848648135        8.1474929078524785E-002
               160800   1.0085185586098866        8.1889553235976881E-002
               161000  0.92378729784745661        8.3217748677955020E-002
               161200   1.0380728719041672        8.1491775669253502E-002
               161400   1.0237903070876408        8.1754321062609644E-002
               161600  0.98852173773004859        8.2235838606363618E-002
               161800  0.97857818989322953        8.2356027816112023E-002
               162000  0.92667643001948308        8.3206204194495870E-002
               162200  0.88466026310445423        8.3834097204548180E-002
               162400  0.94823483117714091        8.2919265643990270E-002
               162600   1.0560927966003049        8.1222658943626791E-002
               162800  0.97611751906692767        8.2472726756288917E-002
               163000   1.1023820145535819        8.0487507065994029E-002
               163200   1.0050890759696693        8.2015655227036757E-002
               163400  0.94141058396265997        8.3025455388549940E-002
               163600  0.99566645992479719        8.2178844371563115E-002
               163800   1.1022144942720959        8.0514021764137828E-002
               164000   1.0612949879072213        8.1150897624834989E-002
               164200   1.0037826244167494        8.2051343056824433E-002
               164400   1.0798877195438998        8.0923308954879258E-002
               164600   1.0370644256183732        8.1567045294633517E-002
               164800   1.0009616127939744        8.2114633007416740E-002
               165000   1.0006998397916760        8.2070956309213419E-002
               165200   1.0562018788080976        8.1230363971964384E-002
               165400   1.1104651548456854        8.0417990065057718E-002
               165600   1.0393545531951296        8.1505548058004224E-002
               165800   1.0670544705589207        8.1086023068026855E-002
               166000   1.0094060867801193        8.1921594637315062E-002
               166200   1.0411313336402588        8.1419125317833907E-002
               166400   1.0733835002633862        8.0982823880309349E-002
               166600   1.0348307250857600        8.1511549626449908E-002
               166800   1.0918288650058197        8.0690856969031763E-002
               167000  0.98003571290256841        8.2374239714003206E-002
               167200   1.0740043118962248        8.0948482902122004E-002
               167400  0.93227848531921420        8.3095095441217862E-002
               167600   1.0400241662196434        8.1471847550835974E-002
               167800  0.98841097891829255        8.2315764098724098E-002
               168000   1.0015621793009166        8.2096593302961540E-002
               168200   1.0506006668326198        8.1320503298181981E-002
               168400   1.0693796732338243        8.1051940870117786E-002
               168600   1.1660220108611015        7.9546809576745120E-002
               168800   1.0955522730093215        8.0658824315189878E-002
               169000   1.0383248340396707        8.1473540690750287E-002
               169200   1.0837414763704996        8.0781942543700663E-002
               169400  0.90844101899233221        8.3483065393751874E-002
               169600  0.99740938023148584        8.2109142938805196E-002
               169800   1.0087898148836620        8.1904104040456935E-002
               170000   1.0326591027437890        8.1639968454796263E-002
               170200   1.0896796449753965        8.0765135152927006E-002
               170400   1.0171582407991413        8.1828397295250349E-002
               170600   1.0401274771731555        8.1479302785360683E-002
               170800   1.1848683734705900        7.9255483891803341E-002
               171000   1.0587851440331613        8.1214329113094050E-002
               171200   1.1621208095977502        7.9620605002169664E-002
               171400   1.0042833576049488        8.2031036521976880E-002
               171600   1.0743078601015708        8.0983297195280454E-002
               171800   1.0490708089244711        8.1384425507224689E-002
               172000  0.97306911248113315        8.2526161736898043E-002
               172200   1.0906426992793337        8.0705251099372530E-002
               172400   1.0875511491479073        8.0789921973472748E-002
               172600   1.0877250164357073        8.0772369338644262E-002
               172800   1.0702189625261966        8.0994718079421088E-002
               173000  0.98042244677325874        8.2332954345175610E-002
               173200   1.1096150457462521        8.0361582894535571E-002
               173400  0.92967083044156051        8.3160158582077301E-002
               173600   1.0099241805035271        8.1900245147706510E-002
               173800  0.91252104521122057        8.3435620453490650E-002
               174000   1.0486994659542321        8.1325873461880485E-002
               174200  0.98679919404619298        8.2266974545150293E-002
               174400   1.0458386791229703        8.1387377906083219E-002
               174600   1.0462072434726049        8.1401270908816548E-002
               174800   1.0843477578443363        8.0803719599240612E-002
               175000   1.0099884258582152        8.1962380741845586E-002
               175200   1.0130983278966419        8.1930941466997392E-002
               175400  0.93893959571131003        8.3033777631861705E-002
               175600  0.96754847781580244        8.2645739744656221E-002
               175800  0.97045163118057687        8.2554758641946072E-002
               176000   1.0173322213092337        8.1811603693235424E-002
               176200   1.0007312112042603        8.2060852214168478E-002
               176400   1.0327987577629700        8.1570947515775843E-002
               176600   1.1714856850185218        7.9437271426717374E-002
               176800   1.0727096438851944        8.0940050211741887E-002
               177000   1.0212473125374968        8.1672913790867038E-002
               177200   1.0028704845587253        8.2046750426251550E-002
               177400  0.90630867564548112        8.3490622712672866E-002
               177600   1.0105345079626444        8.1933782949924289E-002
               177800  0.99786540694437142        8.2107070008710509E-002
               178000  0.94355011508385400        8.2917628712569372E-002
               178200  0.88894386977506012        8.3759291702764443E-002
               178400   1.0890127477873557        8.0687950145733323E-002
               178600  0.97658045070559396        8.2437250599619719E-002
               178800  0.96848878048430420        8.2553342655855455E-002
               179000   1.0415743819438972        8.1419697589279263E-002
               179200  0.93013997402626236        8.3157896873058287E-002
               179400   1.0514875918657949        8.1258670628180527E-002
               179600  0.95368235145805025        8.2753828135331373E-002
               179800  0.99645636632575174        8.2106080235216108E-002
               180000  0.99929200376885297        8.2074394293653249E-002
               180200   1.0537889741833524        8.1198891329367973E-002
               180400   1.0043595978359450        8.2021002941603791E-002
               180600  0.95485145922231618        8.2770564389778298E-002
               180800  0.96198956916865108        8.2688986866653297E-002
               181000  0.96391353881936803        8.2657037082815993E-002
               181200   1.0342012457616745        8.1516997292489596E-002
               181400   1.0366071587788002        8.1519434378894293E-002
               181600  0.99644468510806483        8.2086543332546072E-002
               181800   1.0436758336400997        8.1429471610698204E-002
               182000   1.0626255354768148        8.1091217601387738E-002
               182200   1.0471775438175974        8.1381446055405024E-002
               182400  0.99496516253253520        8.2153722183145206E-002
               182600   1.0336989851234721        8.1565378800052282E-002
               182800  0.99359918159013494        8.2187121676798758E-002
               183000  0.91880668926626674        8.3308015952470352E-002
               183200  0.99742882670651800        8.2124062550392299E-002
               183400   1.0469846940638310        8.1353120970556067E-002
               183600  0.95958022765710682        8.2709375335561580E-002
               183800  0.94314361103637590        8.2943213916161607E-002
               184000   1.1408189273012048        7.9940830828546833E-002
               184200   1.1032568067079191        8.0526253848260218E-002
               184400  0.99637292066805727        8.2156421996982157E-002
               184600   1.0142066366367046        8.1867896340164698E-002
               184800  0.98007576606022062        8.2412287264254910E-002
               185000  0.96494238203379268        8.2629547075514079E-002
               185200   1.0397155539030132        8.1524177279812343E-002
               185400   1.1356192565470149        8.0039172455827270E-002
               185600   1.0615901080975501        8.1181791036754894E-002
               185800   1.0663441381402654        8.1077268564059252E-002
               186000   1.0934972835683261        8.0643629758217442E-002
               186200  0.99350873655655692        8.2185673802873310E-002
               186400  0.95968076667170676        8.2720782095989140E-002
               186600   1.0025100820431097        8.2046361160917319E-002
               186800   1.0945559634204227        8.0628677335569734E-002
               187000   1.0015780255476405        8.2061347565653642E-002
               187200   1.1032148465296376        8.0498840463357951E-002
               187400  0.97683870478497969        8.2466274114883609E-002
               187600  0.89701286193234409        8.3678934326574028E-002
               187800  0.97930351384798575        8.2411333140119933E-002
               188000   1.0083842591519256        8.1969062801522927E-002
               188200   1.0121909750509750        8.1911551520957568E-002
               188400   1.0041195849939242        8.1999873027008757E-002
               188600   1.0611148568523512        8.1130760015060657E-002
               188800   1.0546313539951171        8.1231033918041984E-002
               189000   1.0544299993792123        8.1227468256456853E-002
               189200   1.0914228289353409        8.0685676726826250E-002
               189400   1.0015835557974884        8.2071065219521289E-002
               189600  0.96642585967987671        8.2615703996011619E-002
               189800   1.0946393465571689        8.0636153533740679E-002
               190000   1.0368322298450408        8.1515580106561569E-002
               190200   1.0408712181588946        8.1487824603512893E-002
               190400   1.0086391422295733        8.1983317316381754E-002
               190600  0.98764083165872896        8.2287549264953228E-002
               190800   1.0767741776819997        8.0884832488798630E-002
               191000   1.0861508043863950        8.0784915954518907E-002
               191200   1.0508307125001146        8.1274474315529130E-002
               191400   1.0768612306283434        8.0893364429761860E-002
               191600  0.98538459818941415        8.2296642580719476E-002
               191800  0.94989066405737821        8.2842406063712445E-002
               192000  0.87570119612308339        8.3925794100476625E-002
               192200  0.87698458726905115        8.3969632291362992E-002
               192400   1.0022700622847152        8.1981527434319051E-002
               192600   1.0002045874974566        8.2031145967969996E-002
               192800  0.97714544022508643        8.2404354965297202E-002
               193000   1.0125230459549004        8.1869853402595588E-002
               193200  0.94727887063602267        8.2895040402276257E-002
               193400  0.96537338799776629        8.2589894847752685E-002
               193600   1.0881459994217169        8.0695047769466149E-002
               193800  0.98186204161915691        8.2361869094716711E-002
               194000   1.1344706264947648        7.9997323321313624E-002
               194200   1.0239864470386812        8.1702594320829977E-002
               194400   1.0473324060520748        8.1345212511884035E-002
               194600   1.0093374951166143        8.1910817478594702E-002
               194800   1.0970611073349226        8.0581774382844293E-002
               195000   1.0112915177961297        8.1889154024324950E-002
               195200   1.0141079624926466        8.1831830819584422E-002
               195400   1.0102541856515193        8.1915949419802458E-002
               195600  0.94221741004031401        8.2936591595594467E-002
               195800   1.0639008660215867        8.1087598214236875E-002
               196000   1.0270793187506371        8.1579874185026005E-002
               196200   1.0462477184529932        8.1372083417913785E-002
               196400  0.98400828845562127        8.2328866967514541E-002
               196600  0.99973903238956063        8.2111967342660991E-002
               196800   1.0095558854267539        8.1931435391139076E-002
               197000  0.97141685002716183        8.2501835855420591E-002
               197200  0.95028181287618962        8.2802677002961192E-002
               197400   1.0142741504189723        8.1835738470296654E-002
               197600  0.93264076531807893        8.3113012852096005E-002
               197800  0.99954126287190281        8.2081065327920061E-002
               198000  0.99922998487961312        8.2083584494728842E-002
               198200  0.96043364857886715        8.2667092869999945E-002
               198400  0.99252845427751668        8.2175844802930678E-002
               198600  0.97601081075441343        8.2474293167326490E-002
               198800   1.1278162973225958        8.0147272830942876E-002
               199000   1.1344134777697679        8.0013759201787965E-002
               199200   1.1173479852075849        8.0281919009858871E-002
               199400   1.0902864718134579        8.0696931868027164E-002
               199600   1.0314008095542198        8.1607029216358484E-002
               199800   1.0893315610083489        8.0698781476364473E-002
               200000   1.0021600697605415        8.2064748464841700E-002
